0 0.23333333333333314 0.965 0.09333333333333331 0.057999999999999864
0 0.07799999999999999 0.955 0.07866666666666665 0.053999999999999916
0 0.13 0.9405 0.07066666666666664 0.06099999999999994
0 0.13733333333333334 0.879 0.06133333333333333 0.06200000000000003
0 0.24 0.8275 0.07733333333333334 0.045
0 0.24133333333333326 0.8740000000000003 0.07999999999999997 0.045999999999999826
0 0.04733333333333333 0.804 0.09466666666666666 0.043999999999999914
0 0.16466666666666668 0.6890000000000001 0.07333333333333332 0.03799999999999997
0 0.126 0.715 0.06266666666666666 0.03400000000000006
0 0.05399999999999999 0.7034999999999999 0.07333333333333333 0.04499999999999986
0 0.03533333333333333 0.7368749999999996 0.07066666666666666 0.042249999999999927
0 0.18466666666666667 0.485 0.08666666666666666 0.053999999999999986
0 0.14866666666666667 0.5505 0.06266666666666668 0.05499999999999993
0 0.23199999999999998 0.5445 0.09333333333333335 0.035
0 0.26466666666666666 0.45799999999999996 0.05466666666666665 0.04600000000000001
0 0.3493333333333334 0.46399999999999997 0.06399999999999999 0.04799999999999997
0 0.2606666666666666 0.504 0.05466666666666665 0.04800000000000004
0 0.2986666666666668 0.502 0.06400000000000013 0.04600000000000008
0 0.38066666666666665 0.5495 0.07333333333333335 0.05699999999999996
0 0.31133333333333335 0.5395 0.06533333333333331 0.05499999999999993
0 0.5579999999999999 0.5770000000000001 0.09466666666666662 0.06599999999999992
0 0.5673333333333334 0.5135000000000001 0.06800000000000005 0.045
0 0.5786666666666667 0.5425 0.0586666666666666 0.06099999999999994
0 0.7220000000000002 0.42550000000000004 0.07066666666666664 0.06899999999999999
0 0.7606666666666666 0.3775 0.06533333333333331 0.05100000000000009
0 0.9206666666666666 0.42450000000000004 0.09466666666666669 0.065
0 0.9526666666666667 0.46 0.07599999999999994 0.06
0 0.9853333333333333 0.415 0.02933333333333337 0.08600000000000002
0 0.6446666666666667 0.44299999999999995 0.07333333333333343 0.05000000000000007
0 0.05333333333333333 0.3725 0.03733333333333333 0.01900000000000006
0 0.038 0.3505 0.028000000000000004 0.031000000000000014
0 0.037333333333333336 0.322 0.026666666666666665 0.02200000000000003
0 0.046 0.299 0.02533333333333333 0.026000000000000013
0 0.06933333333333333 0.2965 0.021333333333333336 0.03099999999999998
0 0.10333333333333332 0.2995 0.030666666666666682 0.02300000000000004
0 0.10933333333333334 0.289 0.031999999999999994 0.03399999999999995
0 0.26266666666666666 0.29 0.04800000000000001 0.03399999999999999
0 0.2033333333333333 0.28 0.03600000000000001 0.025999999999999943
0 0.16133333333333333 0.27899999999999997 0.031999999999999994 0.023999999999999952
0 0.11533333333333332 0.2675 0.030666666666666648 0.02899999999999995
0 0.12200000000000001 0.239 0.03600000000000001 0.028000000000000008
0 0.1906666666666667 0.2665 0.03466666666666665 0.027000000000000027
0 0.16799999999999998 0.25549999999999995 0.031999999999999994 0.029000000000000022
0 0.14133333333333334 0.268 0.026666666666666644 0.03
0 0.358 0.31299999999999994 0.08133333333333333 0.03400000000000002
0 0.4533333333333333 0.2125 0.056000000000000015 0.04899999999999999
0 0.41333333333333333 0.21650000000000003 0.05066666666666663 0.031000000000000014
0 0.5413333333333333 0.24350000000000002 0.04 0.04300000000000001
0 0.5733333333333334 0.22899999999999998 0.04266666666666666 0.041999999999999996
0 0.8753333333333331 0.15699999999999997 0.08399999999999991 0.06199999999999995
0 0.504 0.33549999999999996 0.045333333333333316 0.038999999999999986
0 0.5406666666666666 0.409 0.051999999999999956 0.052000000000000025
0 0.5700000000000002 0.3960000000000001 0.057333333333333264 0.05600000000000001
0 0.43400000000000005 0.2735 0.04666666666666664 0.044999999999999964
0 0.36733333333333335 0.24100000000000002 0.05466666666666668 0.038000000000000006
0 0.3906666666666661 0.2765 0.05066666666666668 0.04099999999999999
0 0.332 0.267 0.056000000000000015 0.03199999999999996
0 0.4193333333333327 0.25100000000000006 0.04933333333333326 0.04400000000000007
0 0.598 0.28400000000000003 0.0493333333333333 0.03
0 0.6086666666666666 0.34700000000000003 0.0493333333333333 0.03799999999999997
0 0.6493333333333332 0.3484999999999999 0.055999999999999946 0.05699999999999996
0 0.6519999999999999 0.303 0.03733333333333334 0.030000000000000037
0 0.6873333333333335 0.3225 0.06266666666666666 0.06099999999999998
0 0.7286666666666668 0.289 0.07066666666666663 0.05599999999999998
0 0.7266666666666666 0.262 0.06933333333333337 0.038000000000000006
0 0.774 0.244 0.06800000000000012 0.05800000000000001
0 0.8193333333333334 0.24950000000000003 0.06266666666666666 0.05700000000000003
0 0.852 0.26299999999999996 0.06400000000000006 0.05
0 0.9013333333333334 0.259 0.05333333333333343 0.07399999999999998
0 0.9639999999999991 0.28049999999999997 0.06133333333333339 0.06700000000000009
