0 0.7422222222222223 0.4305 0.026666666666666713 0.021000000000000015
0 0.688 0.42949999999999994 0.0248888888888888 0.01700000000000003
0 0.7253333333333333 0.4164999999999999 0.02844444444444434 0.011000000000000015
0 0.6435555555555555 0.4155 0.03911111111111104 0.025
0 0.6337777777777778 0.45049999999999996 0.030222222222222185 0.01900000000000006
0 0.6293333333333334 0.428 0.017777777777777785 0.013999999999999986
0 0.6257777777777778 0.408 0.024888888888888943 0.015999999999999945
0 0.5688888888888889 0.38199999999999995 0.04977777777777767 0.02200000000000003
0 0.5822222222222223 0.3964999999999999 0.030222222222222327 0.021000000000000015
0 0.5715555555555555 0.44599999999999995 0.037333333333333274 0.018000000000000044
0 0.6035555555555555 0.25299999999999995 0.023111111111111242 0.02
0 0.7848888888888887 0.29699999999999993 0.030222222222222258 0.01799999999999997
0 0.8106666666666666 0.293 0.021333333333333256 0.016000000000000014
0 0.7484444444444444 0.3035 0.03555555555555557 0.016999999999999956
0 0.036444444444444446 0.39549999999999996 0.037333333333333336 0.01900000000000006
0 0.2355555555555555 0.43700000000000006 0.05511111111111112 0.02199999999999999
0 0.4346666666666666 0.45349999999999996 0.033777777777777726 0.025
0 0.4017777777777778 0.412 0.024888888888888943 0.02
0 0.37599999999999995 0.4084999999999999 0.026666666666666644 0.025
0 0.4115555555555555 0.4834999999999998 0.04444444444444442 0.020999999999999998
0 0.33777777777777773 0.523 0.05333333333333332 0.016000000000000014
0 0.5688888888888888 0.29949999999999993 0.021333333333333256 0.01899999999999995
0 0.6657777777777778 0.24 0.0124444444444444 0.01599999999999998
0 0.6373333333333333 0.23699999999999996 0.01955555555555556 0.009999999999999964
0 0.4506666666666666 0.27599999999999997 0.0337777777777778 0.020000000000000035
0 0.4675555555555556 0.27849999999999997 0.017777777777777785 0.015
0 0.3155555555555556 0.285 0.023111111111111173 0.016000000000000014
0 0.3973333333333333 0.5019999999999999 0.044444444444444425 0.019999999999999928
0 0.3866666666666667 0.5219999999999999 0.04800000000000004 0.018000000000000044
0 0.3635555555555555 0.5099999999999999 0.040888888888888884 0.010000000000000071
0 0.15911111111111112 0.35899999999999993 0.03733333333333332 0.013999999999999986
0 0.18488888888888888 0.33449999999999996 0.03555555555555557 0.01700000000000003
0 0.5226666666666666 0.2845 0.02133333333333333 0.013000000000000006
0 0.056888888888888885 0.32299999999999995 0.028444444444444442 0.016000000000000014
0 0.07911111111111112 0.29749999999999993 0.03022222222222222 0.014999999999999965
0 0.19288888888888892 0.3 0.02666666666666668 0.013999999999999986
0 0.1768888888888889 0.2825 0.012444444444444435 0.021000000000000015
0 0.16266666666666668 0.27449999999999997 0.02666666666666666 0.01900000000000002
0 0.13955555555555554 0.27699999999999997 0.026666666666666644 0.011999999999999993
0 0.09688888888888889 0.2905 0.0231111111111111 0.011000000000000015
0 0.11733333333333335 0.28049999999999997 0.05333333333333334 0.01900000000000002
