0 0.34762843336724314 0.1856561546286877 0.015450152594099719 0.04170905391658192
0 0.3645091556459817 0.21210579857578843 0.014877924720244098 0.047812817904374375
0 0.3316060528992879 0.1876907426246185 0.01888351983723297 0.055951169888097674
0 0.3173003560528993 0.1978636826042726 0.01888351983723297 0.06612410986775177
0 0.3027085452695829 0.20142421159715154 0.02403357070193284 0.04679552390640897
0 0.3007057477110885 0.2441505595116989 0.025750254323499533 0.050864699898270624
0 0.2855417090539165 0.23041709053916581 0.024033570701932874 0.037639877924720226
0 0.29069175991861645 0.26754832146490337 0.03204476093591047 0.034587995930824
0 0.3370422177009155 0.3240081383519837 0.016022380467955274 0.053916581892166845
0 0.31615590030518814 0.3158697863682604 0.020027975584944038 0.062054933875890124
0 0.30242243133265506 0.3499491353001018 0.04062817904374354 0.05900305188199377
0 0.26837487283825023 0.3031536113936928 0.022889114954221766 0.04476093591047814
0 0.25406917599186163 0.32706002034587994 0.02975584944048826 0.047812817904374326
0 0.2695193285859613 0.3489318413021363 0.01373346897253306 0.03458799593082396
0 0.28697227873855535 0.39420142421159704 0.03261698880976603 0.03153611393692777
0 0.2892611902339776 0.3652085452695829 0.034905900305188205 0.052899287894201376
0 0.24806078331637843 0.39114954221770093 0.03719481180061038 0.05595116988809764
0 0.24577187182095625 0.46236012207527977 0.028039165818921675 0.04374364191251267
0 0.17395727365208544 0.5249237029501527 0.029755849440488317 0.069175991861648
0 0.1610821464903357 0.46795523906408953 0.02575025432349948 0.03458799593082404
0 0.19570193285859613 0.46795523906408953 0.024033570701932874 0.026449643947100726
0 0.18111012207527974 0.4796541200406918 0.030328077314343817 0.021363173957273673
0 0.207146490335707 0.4598168870803662 0.029755849440488334 0.03051881993896231
0 0.2277466937945066 0.4593082400813835 0.011444557477110848 0.06205493387589016
0 0.2889750762970498 0.44710071210579855 0.028611393692777227 0.03357070193285857
0 0.21887716174974567 0.42268565615462866 0.00972787385554426 0.04577822990844353
0 0.21115208545269581 0.4125127161749746 0.02174465920651073 0.04577822990844353
0 0.2051436927772126 0.42777212614445576 0.017739064089521896 0.05188199389623605
0 0.1954158189216684 0.4216683621566632 0.015450152594099684 0.05595116988809771
0 0.18997965412004067 0.43234994913530017 0.021744659206510662 0.05086469989827059
0 0.18053789420142421 0.43489318413021366 0.020027975584944038 0.03967446592065109
0 0.2984168362156663 0.4104781281790437 0.01773906408952186 0.04984740590030519
0 0.31100584944048826 0.46083418107833163 0.03376144455747717 0.026449643947100726
0 0.33818667344862663 0.4760935910478128 0.026322482197355015 0.04476093591047807
0 0.3693730925737537 0.45778229908443535 0.022316887080366214 0.05696846388606311
0 0.38596770091556465 0.4501525940996947 0.021172431332655107 0.05188199389623598
0 0.35363682604272634 0.43438453713123093 0.026322482197355015 0.059003051881993895
0 0.3333227365208545 0.4369277721261444 0.024605798575788426 0.04577822990844353
0 0.31873092573753814 0.42777212614445576 0.01831129196337745 0.06205493387589009
0 0.3733786876907426 0.4109867751780264 0.024605798575788356 0.05493387589013217
0 0.3936927772126144 0.39928789420142424 0.022889114954221766 0.060020345879959296
0 0.36737029501525936 0.3641912512716175 0.01945574771108852 0.05086469989827059
0 0.3791009664292981 0.3524923702950153 0.01888351983723297 0.0579857578840285
0 0.4185846897253306 0.2899287894201424 0.025750254323499464 0.06103763987792469
0 0.4265958799593082 0.344354018311292 0.022316887080366214 0.06408952187182095
0 0.3999872838250254 0.3611393692777212 0.01716683621566631 0.06510681586978634
0 0.4122901831129196 0.35910478128179046 0.014305696846388542 0.07527975584944059
0 0.4260236520854527 0.237029501525941 0.024605798575788356 0.05086469989827059
0 0.40485122075279756 0.20295015259409968 0.03719481180061038 0.05595116988809764
0 0.42173194303153605 0.1785350966429298 0.02517802644964398 0.06612410986775177
0 0.4357515259409969 0.17955239064089523 0.020027975584944072 0.07222787385554426
0 0.39769837232960326 0.512207527975585 0.021744659206510662 0.053916581892166845
0 0.3934066632756867 0.5549338758901322 0.024605798575788426 0.04170905391658188
0 0.36393692777212605 0.5427263479145473 0.028611393692777157 0.06612410986775175
0 0.3419061546286877 0.5584944048830113 0.020027975584944072 0.05493387589013217
0 0.3224504069175992 0.5462868769074263 0.016594608341810792 0.06917599186164808
0 0.30185020345879954 0.5478128179043744 0.02346134282807732 0.04984740590030526
0 0.28296668362156663 0.5645981688708036 0.02346134282807732 0.05086469989827059
0 0.19570193285859616 0.6007121057985758 0.02060020345879959 0.05595116988809771
0 0.20457146490335706 0.5849440488301119 0.00972787385554426 0.04476093591047814
0 0.21572990844354017 0.6052899287894201 0.018311291963377413 0.04069175991861655
0 0.17910732451678535 0.6459816887080366 0.02060020345879959 0.026449643947100653
0 0.17052390640895218 0.6851475076297049 0.025178026449643943 0.023397761953204536
0 0.16480162767039672 0.6581892166836215 0.02060020345879959 0.030518819938962452
0 0.14877924720244148 0.6754832146490335 0.02746693794506612 0.026449643947100726
0 0.15421541200406919 0.6983723296032553 0.032616988809766025 0.023397761953204393
0 0.1476347914547304 0.646998982706002 0.02060020345879959 0.03255340793489317
0 0.25092192268565616 0.6271617497456765 0.03719481180061038 0.04984740590030519
0 0.2738110376398779 0.6047812817904374 0.02918362156663278 0.04577822990844353
0 0.23947736520854526 0.5808748728382502 0.03147253306205492 0.042726347914547345
0 0.2543552899287894 0.5696846388606308 0.032616988809766066 0.04679552390640893
0 0.2815361139369278 0.6449643947100712 0.03547812817904376 0.046795523906409
0 0.2746693794506612 0.6998982706002035 0.033189216683621584 0.05696846388606303
0 0.3235948626653103 0.7232960325534079 0.02803916581892171 0.07121057985757887
0 0.2941251271617497 0.723296032553408 0.022889114954221804 0.05900305188199397
0 0.2635109359104781 0.5406917599186165 0.022316887080366214 0.04170905391658188
0 0.26837487283825023 0.5244150559511699 0.010300101729399743 0.03560528992878943
0 0.2815361139369278 0.5315361139369278 0.02060020345879959 0.05188199389623605
0 0.2872583926754832 0.5162767039674466 0.014877924720244167 0.03967446592065109
0 0.3064280264496439 0.5188199389623601 0.020027975584944038 0.06510681586978634
0 0.22860503560528989 0.8123092573753814 0.04406154628687691 0.03560528992878943
0 0.22889114954221768 0.8474059003051881 0.0297558494404883 0.04069175991861641
0 0.2517802644964394 0.8397761953204477 0.041200406917599214 0.02543234994913533
0 0.2801055442522889 0.8168870803662258 0.01773906408952186 0.04476093591047814
0 0.2958418107833164 0.7848423194303155 0.0297558494404883 0.02746693794506612
0 0.254927517802645 0.797558494404883 0.031472533062054955 0.03865717192268562
0 0.3367561037639878 0.9343845371312308 0.020027975584944003 0.03560528992878943
0 0.3058557985757884 0.9389623601220753 0.032616988809766066 0.04679552390640893
0 0.3090030518819939 0.9094608341810784 0.028611393692777227 0.04679552390640893
0 0.30585579857578815 0.9821973550356051 0.029183621566632355 0.03560528992878931
0 0.35192014242115965 0.878942014242116 0.02746693794506612 0.036622583926754826
0 0.32817268565615465 0.9008138351983723 0.022316887080366214 0.06002034587995922
0 0.3358977619532044 0.8504577822990845 0.024033570701932874 0.048830111902339726
0 0.2600775686673449 0.7619532044760936 0.028039165818921675 0.042726347914547345
0 0.2815361139369278 0.7614445574771109 0.019455747711088555 0.053916581892166845
0 0.3647952695829095 0.7670396744659206 0.025750254323499464 0.04476093591047814
0 0.4025623092573754 0.786876907426246 0.03833926754832149 0.05595116988809764
0 0.36737029501525936 0.7268565615462869 0.036622583926754826 0.053916581892166845
0 0.3705175483214649 0.6876907426246186 0.020027975584944072 0.06917599186164808
0 0.3885427263479146 0.6907426246185148 0.012589013224821954 0.06307222787385569
0 0.397984486266531 0.6551373346897253 0.01773906408952186 0.08341810783316377
0 0.41829857578840274 0.6434384537131231 0.017166836215666236 0.06205493387589016
0 0.4140068667344863 0.7385554425228892 0.028039165818921675 0.06307222787385555
0 0.43546541200406913 0.7950152594099694 0.028611393692777227 0.04170905391658195
0 0.4580684130213632 0.7894201424211598 0.02346134282807732 0.03865717192268562
0 0.4477683112919634 0.75940996948118 0.025750254323499533 0.05391658189216699
0 0.43145981688708035 0.7121057985757884 0.02746693794506612 0.06510681586978634
0 0.4883964903357069 0.6637843336724313 0.014305696846388613 0.04170905391658209
0 0.4843908952187182 0.6998982706002033 0.021172431332655107 0.06510681586978634
0 0.46178789420142424 0.7131230925737537 0.027466937945066192 0.048830111902339726
0 0.4537767039674466 0.6780264496439472 0.02517802644964398 0.06205493387589016
0 0.4663657171922685 0.6617497456765006 0.021744659206510662 0.06205493387589009
0 0.4417599186164802 0.638351983723296 0.02517802644964398 0.04577822990844353
0 0.7550546795523906 0.4618514750762971 0.021172431332655037 0.059003051881993895
0 0.7722215157680569 0.4511698880976603 0.012016785350966331 0.05595116988809771
0 0.769646490335707 0.5233977619532045 0.0160223804679552 0.04374364191251267
0 0.7673575788402848 0.5640895218718209 0.01373346897253299 0.053916581892166915
0 0.7353128179043742 0.6520854526958292 0.029755849440488334 0.042726347914547276
0 0.7962550864699898 0.614445574771109 0.0326169888097661 0.06917599186164808
0 0.803407934893184 0.5518819938962359 0.029755849440488334 0.06205493387589016
0 0.8368832655137334 0.5574771108850458 0.04177263479145481 0.04069175991861655
0 0.8468972533062055 0.5198372329603255 0.022889114954221697 0.048830111902339796
0 0.8240081383519836 0.5203458799593083 0.022889114954221697 0.05798575788402843
0 0.8228636826042726 0.4766022380467955 0.025178026449643908 0.053916581892166845
0 0.852619532044761 0.4898270600203459 0.02174465920651059 0.06815869786368267
0 0.892675483214649 0.5417090539165819 0.018311291963377413 0.08240081383519836
0 0.8895282299084434 0.4735503560528993 0.01773906408952186 0.04170905391658195
0 0.8943921668362157 0.6017293997965413 0.01144455747711092 0.053916581892166845
0 0.9095562054933876 0.6424211597151577 0.02346134282807739 0.03153611393692771
0 0.9158507121057986 0.5442522889114955 0.014305696846388542 0.05086469989827059
0 0.953045523906409 0.5483214649033571 0.025750254323499464 0.05289928789420145
0 0.9155645981688707 0.46693794506612407 0.02174465920651059 0.054933875890132315
0 0.9355925737538148 0.47660223804679547 0.010300101729399672 0.0579857578840285
0 0.9453204476093592 0.4944048830111902 0.014877924720244238 0.048830111902339796
0 0.9653484231943031 0.512207527975585 0.03318921668362151 0.03560528992878943
0 0.8720752797558492 0.4760935910478128 0.01831129196337727 0.05696846388606311
0 0.7825216174974569 0.47660223804679547 0.025750254323499602 0.05595116988809757
0 0.9290119532044762 0.577822990844354 0.01773906408952186 0.03458799593082404
0 0.6986902339776195 0.8830111902339776 0.01945574771108852 0.04069175991861641
0 0.7089903357070193 0.7945066124109869 0.01945574771108852 0.044760935910478146
0 0.7295905391658188 0.8601220752797558 0.018311291963377413 0.05188199389623605
0 0.7521935401831129 0.8321464903357071 0.028039165818921675 0.06103763987792476
0 0.7782299084435402 0.8036622583926755 0.024033570701932804 0.05086469989827051
0 0.7919633774160733 0.7644964394710072 0.02861139369277737 0.05798575788402857
0 0.7845244150559512 0.7314343845371312 0.028611393692777227 0.048830111902339726
0 0.8179997456765006 0.755849440488301 0.02117243133265518 0.036622583926754826
0 0.7659270091556459 0.6993896236012208 0.02346134282807725 0.05188199389623605
0 0.7908189216683621 0.6820956256358087 0.025178026449643908 0.03560528992878943
0 0.7996884537131231 0.6958290946083417 0.02117243133265518 0.042726347914547345
0 0.7124237029501527 0.9242115971515767 0.03433367243133247 0.043743641912512746
0 0.6434702441505595 0.5422177009155645 0.036050356052899205 0.04069175991861641
0 0.5078522380467955 0.5808748728382502 0.04291709053916577 0.042726347914547345
0 0.5270218718209562 0.645473041709054 0.01945574771108852 0.03357070193285857
0 0.5484804170905392 0.6322482197355035 0.04062817904374363 0.02136317395727353
0 0.5567777212614445 0.6027466937945066 0.026322482197355158 0.01932858596134281
0 0.5404692268565615 0.5981688708036623 0.03833926754832142 0.04069175991861641
0 0.5155773143438453 0.5452695829094608 0.036622583926754826 0.06103763987792469
0 0.5496248728382502 0.5600203458799594 0.028039165818921602 0.03560528992878943
0 0.4989827060020346 0.5076297049847406 0.02975584944048826 0.042726347914547276
0 0.5450470498474058 0.5152594099694812 0.024605798575788426 0.06815869786368253
0 0.5244468463886063 0.49847405900305186 0.024605798575788356 0.05696846388606303
0 0.43031536113936925 0.48830111902339773 0.026322482197355015 0.05086469989827051
0 0.4503433367243133 0.48168870803662256 0.01945574771108852 0.037639877924720226
0 0.43632375381485244 0.43591047812817907 0.032616988809765955 0.07629704984740585
0 0.46035732451678535 0.43438453713123093 0.02346134282807725 0.059003051881993895
0 0.4463377416073245 0.392675483214649 0.01716683621566631 0.06307222787385548
0 0.5167217700915565 0.47456765005086465 0.020600203458799628 0.03967446592065109
0 0.5521998982706002 0.46592065106815866 0.018311291963377344 0.05696846388606311
0 0.5407553407934893 0.4521871820956257 0.028611393692777157 0.05595116988809771
0 0.5284524415055951 0.4298067141403866 0.02346134282807732 0.07019328585961347
0 0.5067077822990843 0.4415055951169888 0.025750254323499533 0.05493387589013224
0 0.46550737538148523 0.375381485249237 0.016594608341810826 0.05696846388606311
0 0.4795269582909461 0.4104781281790437 0.022889114954221766 0.05798575788402843
0 0.5087105798575787 0.3392675483214649 0.02975584944048826 0.053916581892166776
0 0.5439025940996948 0.39114954221770093 0.028039165818921602 0.07426246185147506
0 0.5069938962360122 0.39827060020345884 0.022889114954221766 0.06205493387589009
0 0.6085643438453713 0.48830111902339773 0.022316887080366287 0.05493387589013224
0 0.5619277721261444 0.5193285859613428 0.021744659206510662 0.06002034587995922
0 0.6354590539165819 0.474059003051882 0.02346134282807732 0.05086469989827059
0 0.6403229908443541 0.5055951169888098 0.04120040691759911 0.03865717192268562
0 0.6497647507629705 0.44557477110885046 0.0349059003051881 0.04679552390640893
0 0.6205811291963377 0.44557477110885046 0.02346134282807732 0.05493387589013224
0 0.5776640386571718 0.4028484231943031 0.021172431332655107 0.06103763987792469
0 0.6005531536113936 0.3957273652085453 0.018883519837232896 0.05696846388606303
0 0.6254450661241099 0.40183112919633773 0.03090030518819937 0.04476093591047814
0 0.6534842319430315 0.3906408952187182 0.024033570701932662 0.06714140386571721
0 0.61514496439471 0.375381485249237 0.024033570701932874 0.05696846388606311
0 0.5782362665310274 0.3601220752797558 0.025750254323499533 0.06510681586978634
0 0.5544888097660223 0.37538148524923703 0.02174465920651073 0.07527975584944045
0 0.5965475584944048 0.35096642929806715 0.018883519837232896 0.04476093591047814
0 0.45835452695829093 0.1861648016276704 0.022889114954221766 0.05493387589013224
0 0.5044188708036622 0.20701932858596134 0.02117243133265518 0.0579857578840285
0 0.5075661241098678 0.2700915564598169 0.027466937945066192 0.06205493387589016
0 0.5393247711088504 0.25228891149542215 0.020027975584944072 0.05696846388606311
0 0.5805251780264495 0.30061037639877924 0.022316887080366214 0.0457782299084435
0 0.5479081892166836 0.3026449643947101 0.01545015259409979 0.049847405900305154
0 0.561069430315361 0.25076297049847407 0.02346134282807732 0.047812817904374326
0 0.6228700406917599 0.2853509664292981 0.01773906408952186 0.055951169888097674
0 0.5610694303153612 0.17955239064089523 0.022316887080366145 0.04984740590030519
0 0.47752416073245174 0.19226856561546288 0.024605798575788426 0.059003051881993895
0 0.6134282807731434 0.25025432349949134 0.01373346897253299 0.04069175991861648
0 0.7364572736520855 0.19989827060020346 0.018311291963377413 0.053916581892166845
0 0.7570574771108849 0.18463886063072227 0.028611393692777227 0.04170905391658188
0 0.5235885045778229 0.16581892166836215 0.018311291963377344 0.04069175991861648
0 0.6280200915564598 0.2451678535096643 0.018883519837233038 0.069175991861648
0 0.662925991861648 0.20091556459816887 0.01773906408952186 0.055951169888097674
0 0.632884028484232 0.2054933875890132 0.01716683621566645 0.050864699898270554
0 0.6174338758901322 0.20091556459816887 0.018311291963377486 0.049847405900305154
0 0.487252034587996 0.1424211597151577 0.025750254323499533 0.05493387589013226
0 0.46951297049847396 0.14903357070193288 0.02346134282807732 0.053916581892166845
0 0.489540946083418 0.10122075279755852 0.025750254323499464 0.06408952187182097
0 0.4924020854526958 0.06002034587995931 0.01888351983723297 0.048830111902339796
0 0.5118578331637843 0.13072227873855544 0.013161241098677508 0.07426246185147509
0 0.508424465920651 0.08545269582909461 0.018883519837232896 0.05493387589013225
0 0.6074198880976602 0.14903357070193285 0.015450152594099648 0.049847405900305175
0 0.5954031027466938 0.16073245167853512 0.020027975584944072 0.08545269582909462
0 0.5819557477110885 0.13886063072227875 0.01945574771108852 0.06002034587995933
0 0.5690806205493387 0.1342828077314344 0.02117243133265518 0.06103763987792471
0 0.5381803153611393 0.12004069175991862 0.020027975584944072 0.04476093591047812
0 0.4489127670396744 0.828585961342828 0.036050356052899274 0.03560528992878943
0 0.5573499491353 0.10935910478128179 0.027466937945066192 0.049847405900305175
0 0.5238746185147508 0.07324516785350968 0.016594608341810826 0.050864699898270596
0 0.808557985757884 0.7314343845371312 0.020600203458799628 0.04476093591047814
