0 0.24600000000000002 0.899 0.06266666666666662 0.07600000000000008
0 0.31799999999999995 0.8775 0.08133333333333337 0.065
0 0.4133333333333333 0.9125 0.07999999999999993 0.06099999999999994
0 0.6533333333333334 0.8255 0.136 0.09099999999999994
0 0.8813333333333335 0.7474999999999993 0.11466666666666674 0.09899999999999999
0 0.6927065416139095 0.8225467878391968 0.03733333333333335 0.04900000000000002
0 0.24666666666666665 0.6354999999999994 0.10399999999999997 0.07100000000000019
0 0.4486666666666666 0.7655 0.07333333333333336 0.045
0 0.4353333333333333 0.7105 0.08933333333333338 0.06099999999999994
0 0.43666666666666665 0.6565000000000001 0.06 0.043000000000000115
0 0.58 0.684 0.08 0.053999999999999916
0 0.542 0.71 0.06266666666666666 0.05
0 0.49 0.7390000000000001 0.04933333333333337 0.06400000000000006
0 0.5186666666666667 0.7215 0.0506666666666667 0.05299999999999997
0 0.47733333333333333 0.674 0.045333333333333316 0.053999999999999916
0 0.508 0.6645 0.04000000000000007 0.045
0 0.496 0.628 0.07466666666666669 0.03
0 0.40069551385054686 0.6186541670314071 0.05999999999999995 0.025000000000000064
0 0.4 0.5740000000000001 0.055999999999999946 0.02599999999999987
0 0.4006666666666666 0.5495 0.043999999999999984 0.02500000000000007
0 0.504 0.5954999999999999 0.06666666666666664 0.041000000000000085
0 0.5106666666666667 0.564 0.06666666666666671 0.03599999999999994
0 0.5513333333333335 0.5529999999999999 0.05466666666666661 0.02999999999999993
0 0.5446666666666666 0.5335 0.06 0.025
0 0.5715466666666664 0.5455199999999996 0.059999999999999915 0.04080000000000036
0 0.2491268222780032 0.44535345928804093 0.06819203936956768 0.05827980632369406
0 0.3060000000000001 0.406 0.06800000000000003 0.05399999999999987
0 0.26266666666666666 0.40049999999999997 0.04266666666666666 0.031000000000000014
0 0.45466666666666666 0.41 0.06133333333333333 0.04
0 0.35200000000000004 0.38199999999999995 0.06933333333333329 0.055999999999999966
0 0.304 0.36450000000000005 0.0586666666666666 0.03500000000000007
0 0.4066666666666666 0.385 0.06400000000000006 0.053999999999999986
0 0.4353333333333333 0.37 0.06 0.04600000000000008
0 0.3266666666666667 0.34 0.04000000000000007 0.04399999999999995
0 0.342 0.325 0.05199999999999999 0.04
0 0.2733333333333333 0.309 0.03733333333333334 0.04800000000000008
0 0.314 0.3105 0.04666666666666664 0.031000000000000014
0 0.33866666666666667 0.2865 0.04266666666666666 0.026999999999999993
0 0.3459999999999999 0.2585 0.03866666666666667 0.025
0 0.3106666666666668 0.23949999999999996 0.031999999999999876 0.036999999999999984
0 0.29266666666666663 0.2335 0.03599999999999994 0.03300000000000001
0 0.014000000000000002 0.23987499999999998 0.028000000000000004 0.06775000000000002
0 0.04466666666666667 0.21850000000000003 0.03866666666666667 0.04699999999999999
0 0.07733333333333334 0.19700000000000004 0.05333333333333334 0.038000000000000006
0 0.08266666666666665 0.17049999999999998 0.06933333333333333 0.059000000000000025
0 0.13333333333333333 0.1715 0.050666666666666665 0.06299999999999999
0 0.16266666666666665 0.1375 0.04800000000000002 0.03900000000000001
0 0.222 0.15350000000000003 0.06 0.04299999999999999
0 0.22266666666666637 0.20149999999999996 0.07999999999999995 0.04099999999999986
0 0.18866666666666668 0.17299999999999996 0.05466666666666667 0.051999999999999956
0 0.24866666666666654 0.21700000000000003 0.044000000000000074 0.028000000000000004
0 0.242 0.2465 0.04933333333333337 0.03300000000000001
0 0.5186666666666666 0.504 0.03999999999999993 0.04600000000000001
0 0.46599999999999997 0.48700000000000004 0.03866666666666667 0.04
0 0.4386666666666666 0.4805 0.0293333333333333 0.04499999999999993
0 0.48666666666666664 0.4435 0.04266666666666666 0.037000000000000026
0 0.5506666666666666 0.4665000000000001 0.03200000000000003 0.03699999999999996
0 0.5293333333333333 0.47450000000000003 0.03200000000000003 0.02499999999999993
0 0.5646666666666667 0.38049999999999995 0.05466666666666661 0.03500000000000007
0 0.758 0.3335 0.06 0.04300000000000001
0 0.676 0.35949999999999993 0.037333333333333336 0.045000000000000054
0 0.5886666666666667 0.36449999999999994 0.04666666666666657 0.027000000000000027
0 0.626 0.361 0.052000000000000025 0.05
0 0.6506666666666666 0.345 0.034666666666666686 0.03599999999999994
0 0.5813333333333333 0.33049999999999996 0.06133333333333333 0.030999999999999944
0 0.6006666666666667 0.304 0.0386666666666666 0.03400000000000002
0 0.6359999999999999 0.301 0.04800000000000004 0.05199999999999999
0 0.8106666666666666 0.502 0.07200000000000002 0.03800000000000004
0 0.8301224000810363 0.4953362061645909 0.057333333333333306 0.05915592063200879
0 0.9026666666666666 0.47200000000000003 0.05866666666666674 0.06199999999999996
0 0.966 0.44549999999999995 0.06799999999999998 0.04500000000000007
0 0.9546666666666667 0.30400000000000005 0.08800000000000012 0.053999999999999986
0 0.9713333333333334 0.25849999999999995 0.057333333333333215 0.05299999999999993
0 0.6839999999999999 0.30499999999999994 0.04266666666666649 0.05199999999999994
0 0.7413333333333333 0.31 0.07200000000000002 0.03400000000000006
0 0.8220000000000001 0.2275 0.0626666666666668 0.04899999999999999
0 0.7326666666666661 0.27599999999999997 0.06000000000000006 0.04600000000000005
0 0.7719999999999999 0.2535 0.05333333333333329 0.04300000000000001
0 0.77 0.2245 0.04400000000000006 0.025
0 0.7506666666666666 0.242 0.0586666666666666 0.03
0 0.6886666666666666 0.172 0.07866666666666644 0.04999999999999994
0 0.7693333333333334 0.15350000000000003 0.045333333333333316 0.04299999999999999
0 0.7186666666666668 0.146 0.05333333333333329 0.038000000000000006
0 0.742 0.1555 0.04400000000000006 0.045
0 0.8280000000000001 0.17600000000000002 0.04799999999999997 0.031999999999999994
0 0.8353333333333333 0.134 0.057333333333333486 0.03399999999999999
0 0.86 0.095 0.05066666666666663 0.036000000000000004
0 0.892 0.057999999999999996 0.05066666666666663 0.04
0 0.9693333333333334 0.188 0.02933333333333337 0.05
0 0.986 0.196 0.028000000000000115 0.041999999999999996
0 0.9626666666666667 0.085 0.05866666666666674 0.05
0 0.946 0.05950000000000001 0.05733333333333334 0.04500000000000002
