0 0.4899833776595744 0.8580000000000001 0.05996143617021275 0.10200000000000004
0 0.30830917553191484 0.4935 0.05280186170212769 0.095
0 0.2232892287234042 0.575 0.06891090425531911 0.126
0 0.136031914893617 0.2625 0.04116755319148936 0.065
0 0.08501994680851062 0.276 0.04653723404255317 0.06199999999999999
0 0.5284660904255319 0.8155 0.06712101063829792 0.11099999999999995
0 0.1428863339746943 0.42350738171245506 0.04922207446808507 0.06129670694701618
0 0.07338563829787233 0.41900000000000004 0.048327127659574455 0.056000000000000015
0 0.02953324468085106 0.4275 0.057276595744680844 0.055
0 0.2898102273671687 0.20231633623562778 0.05906648936170212 0.053000000000000054
0 0.3405272606382978 0.09 0.05459175531914891 0.06
0 0.3078617021276595 0.115 0.04295744680851058 0.06399999999999999
0 0.28011835106382976 0.1405 0.0536968085106383 0.04500000000000002
0 0.5051974734042552 0.32949999999999996 0.06533111702127663 0.06699999999999999
0 0.6354122340425531 0.22950000000000004 0.05190691489361697 0.063
0 0.6116961436170212 0.126 0.04922207446808514 0.04999999999999998
0 0.6662878989361701 0.11699999999999999 0.042062499999999975 0.05199999999999999
0 0.6976110372340425 0.1585 0.04743218085106378 0.06699999999999999
0 0.5253337765957447 0.095 0.037587765957446846 0.04400000000000001
0 0.503407579787234 0.121 0.04027260638297868 0.05199999999999999
0 0.49535305851063827 0.16400000000000003 0.04027260638297868 0.054000000000000006
0 0.5669488031914893 0.27649999999999997 0.04922207446808507 0.07300000000000001
0 0.5253337765957447 0.267 0.046537234042553166 0.08
0 0.6631555851063828 0.473 0.05727659574468092 0.10000000000000007
0 0.5763457446808511 0.4705 0.04295744680851065 0.08500000000000008
0 0.5324933510638297 0.514 0.06085638297872336 0.10199999999999988
0 0.6931363031914892 0.609 0.06891090425531927 0.09200000000000003
0 0.9837187499999999 0.2335 0.03256250000000023 0.07700000000000003
