0 0.1288888888888889 0.429 0.02666666666666666 0.02200000000000003
0 0.22133333333333333 0.444 0.040888888888888884 0.02200000000000003
0 0.2337777777777778 0.41900000000000004 0.04800000000000001 0.026000000000000013
0 0.2977777777777778 0.37900000000000006 0.030222222222222185 0.023999999999999987
0 0.07466666666666667 0.4159999999999999 0.02844444444444445 0.018000000000000044
0 0.3644444444444444 0.49200000000000005 0.05333333333333336 0.03800000000000004
0 0.39822222222222226 0.4875 0.03200000000000003 0.035
0 0.10755555555555557 0.661 0.05511111111111113 0.02
0 0.009777777777777776 0.419875 0.01955555555555555 0.022250000000000013
0 0.02488888888888889 0.40549999999999997 0.01777777777777777 0.014999999999999928
0 0.04266666666666667 0.4045 0.021333333333333336 0.016999999999999956
0 0.18044444444444444 0.5740000000000001 0.040888888888888884 0.02599999999999987
0 0.2346666666666667 0.585 0.021333333333333294 0.02000000000000007
0 0.24444444444444444 0.5640000000000001 0.03022222222222222 0.015999999999999872
0 0.040888888888888884 0.4675 0.035555555555555556 0.020999999999999942
0 0.052444444444444446 0.5125 0.01955555555555556 0.015
0 0.058666666666666666 0.4885 0.02488888888888889 0.01700000000000003
0 0.10844444444444445 0.48450000000000004 0.02844444444444445 0.011000000000000015
0 0.0631111111111111 0.46549999999999997 0.02666666666666666 0.020999999999999942
0 0.051555555555555556 0.4495 0.02133333333333333 0.01700000000000003
0 0.08355555555555556 0.45300000000000007 0.03911111111111112 0.03200000000000003
0 0.07022222222222223 0.48 0.03022222222222222 0.01
0 0.10311111111111111 0.4625 0.046222222222222234 0.018999999999999916
0 0.5013333333333333 0.4915 0.03911111111111104 0.027000000000000027
0 0.4551111111111111 0.508 0.04266666666666673 0.030000000000000072
0 0.4284444444444444 0.508 0.04266666666666666 0.030000000000000072
0 0.4524444444444444 0.4575 0.0337777777777778 0.025
0 0.47733333333333333 0.4525 0.0337777777777778 0.029000000000000057
0 0.5155555555555555 0.44549999999999995 0.03911111111111104 0.031000000000000014
0 0.4951111111111111 0.446 0.026666666666666713 0.03200000000000003
0 0.5635555555555556 0.45 0.0248888888888888 0.016000000000000014
0 0.5342222222222223 0.4475 0.016000000000000014 0.01900000000000006
0 0.608 0.47450000000000003 0.0462222222222222 0.02499999999999993
0 0.6186666666666667 0.49099999999999994 0.04266666666666659 0.018000000000000044
0 0.6462222222222223 0.462 0.026666666666666786 0.0179999999999999
0 0.6551111111111112 0.5175 0.03022222222222226 0.02300000000000004
0 0.7102222222222223 0.451 0.03377777777777766 0.02200000000000003
0 0.7448888888888888 0.45299999999999996 0.03555555555555557 0.026000000000000013
0 0.7404444444444445 0.5065000000000001 0.040888888888888884 0.028999999999999984
0 0.6782222222222223 0.498 0.040888888888888746 0.02
0 0.7973333333333332 0.48450000000000004 0.03733333333333334 0.02500000000000007
0 0.8106666666666666 0.457 0.028444444444444484 0.02200000000000003
0 0.8444444444444446 0.4675 0.03200000000000003 0.025
0 0.7617777777777778 0.536 0.03377777777777766 0.02
0 0.6995555555555555 0.43799999999999994 0.044444444444444425 0.023999999999999987
0 0.72 0.473 0.05333333333333329 0.019999999999999928
0 0.384 0.373 0.04266666666666666 0.030000000000000072
0 0.4915555555555555 0.42200000000000004 0.02311111111111103 0.02000000000000007
0 0.3537777777777778 0.392 0.03911111111111119 0.02
0 0.816 0.3515 0.03555555555555543 0.020999999999999942
0 0.8248888888888888 0.4275 0.03555555555555557 0.01900000000000006
0 0.6471111111111111 0.4205 0.014222222222222313 0.015
0 0.6595555555555555 0.42 0.028444444444444484 0.02
0 0.5964444444444444 0.42099999999999993 0.01955555555555556 0.02000000000000007
0 0.8711111111111112 0.359 0.017777777777777715 0.016000000000000084
0 0.8346666666666667 0.39799999999999996 0.019555555555555486 0.023999999999999987
0 0.8204444444444445 0.397 0.023111111111111173 0.01799999999999997
0 0.6666666666666667 0.361 0.017777777777777715 0.012000000000000028
0 0.632888888888889 0.38049999999999995 0.02488888888888887 0.01500000000000007
0 0.6480000000000001 0.3775 0.019555555555555628 0.009000000000000057
