0 0.16933333333333334 0.2725 0.128 0.06100000000000001
0 0.37799999999999995 0.16200000000000003 0.09466666666666669 0.08000000000000003
0 0.2606666666666666 0.1925 0.09999999999999996 0.07100000000000001
0 0.31866666666666665 0.16949999999999998 0.0826666666666667 0.07499999999999998
0 0.49866666666666665 0.2175 0.11733333333333335 0.07100000000000001
0 0.43733333333333335 0.7559999999999999 0.08800000000000004 0.09000000000000014
0 0.5266666666666668 0.7504999999999998 0.08533333333333332 0.09500000000000014
0 0.77 0.748 0.10266666666666666 0.09400000000000006
0 0.532 0.513 0.09066666666666663 0.08000000000000007
0 0.6173333333333333 0.5305 0.08 0.075
0 0.6833333333333335 0.509 0.08666666666666671 0.07600000000000008
0 0.7386666666666666 0.5575 0.09599999999999995 0.07099999999999994
0 0.856 0.5855 0.12533333333333332 0.06499999999999993
0 0.7833333333333334 0.6095 0.08933333333333322 0.05500000000000007
0 0.8093333333333333 0.652 0.09066666666666663 0.07
0 0.8673333333333333 0.6509999999999999 0.10800000000000011 0.06799999999999998
0 0.836 0.7084999999999999 0.1386666666666666 0.06499999999999986
0 0.5426666666666666 0.3975 0.10933333333333345 0.065
0 0.5539999999999999 0.444 0.11866666666666667 0.052000000000000025
0 0.5633333333333332 0.33149999999999996 0.12399999999999999 0.06299999999999997
0 0.5113333333333333 0.289 0.09200000000000003 0.072
0 0.5493333333333333 0.26899999999999996 0.07733333333333327 0.043999999999999984
