0 0.5937777777777778 0.7869999999999989 0.27377777777777795 0.13199999999999998
0 0.05333333333333334 0.7515000000000001 0.10666666666666667 0.04900000000000006
0 0.10933333333333334 0.7269999999999999 0.1368888888888889 0.07799999999999997
0 0.1875555555555556 0.7094999999999999 0.16888888888888892 0.10299999999999997
0 0.2613333333333333 0.6775 0.14933333333333335 0.12099999999999994
0 0.33866666666666667 0.6925 0.12266666666666669 0.11900000000000005
0 0.417777777777778 0.5514999999999998 0.36977777777777754 0.1529999999999998
0 0.4631111111111112 0.46 0.19733333333333342 0.08600000000000002
0 0.7615799126569623 0.626271327505465 0.04736811149384028 0.07500000000000016
0 0.10933333333333334 0.3 0.10133333333333333 0.04999999999999996
0 0.17511111111111113 0.2285 0.04444444444444447 0.03500000000000004
0 0.047111111111111104 0.220375 0.09422222222222221 0.09875
0 0.13333333333333333 0.14450000000000002 0.09244444444444441 0.09300000000000001
0 0.06044444444444444 0.09 0.10311111111111111 0.10999999999999999
0 0.31586284167182443 0.3973333686871017 0.19214652125542867 0.13000000000000034
0 0.5413333333333333 0.3425 0.272 0.225
0 0.512888888888889 0.20299999999999996 0.27911111111111103 0.184
0 0.32626866286984146 0.15518321567464435 0.22473709780851592 0.15311935922175954
0 0.6373333333333332 0.0935 0.22577777777777816 0.18099999999999997
0 0.8213333333333332 0.07600000000000001 0.16355555555555554 0.15200000000000002
0 0.9453333333333334 0.09300000000000001 0.10933333333333323 0.18600000000000003
