0 0.18266666666666664 0.617 0.20800000000000002 0.1320000000000001
0 0.6466666666666667 0.503 0.10933333333333345 0.08600000000000002
0 0.862 0.725 0.08400000000000006 0.06400000000000006
0 0.7726666666666666 0.8925 0.2173333333333332 0.12900000000000006
0 0.506206689543752 0.7738850231069097 0.16666666666666635 0.19319540317726172
0 0.5382366145276621 0.8285802697173114 0.16666666666666632 0.19319540317726197
0 0.6827426728074447 0.9093470374863832 0.14953562048860733 0.16421914460090367
0 0.7666666666666667 0.7254999999999999 0.13333333333333341 0.065
0 0.314 0.1675 0.132 0.10899999999999999
0 0.43266666666666687 0.19349999999999995 0.1426666666666667 0.10899999999999994
0 0.5220000000000004 0.23999999999999994 0.15333333333333338 0.07799999999999997
0 0.4886666666666666 0.32550000000000007 0.11600000000000002 0.10899999999999992
0 0.5793333333333334 0.36200000000000004 0.10266666666666666 0.05799999999999997
0 0.589424602041428 0.2659330708939926 0.11199999999999977 0.04699999999999994
0 0.5936555760319451 0.3818250277529479 0.13451948930594024 0.07229538937446883
0 0.7870331890004271 0.4348744793372938 0.13451948930594035 0.07148772394118343
0 0.8714407749338782 0.392934126886449 0.13451948930594038 0.07148772394118347
0 0.9176557609148479 0.46608314528300615 0.13451948930594035 0.05558663831142086
0 0.9357475426205708 0.4267023646674722 0.1345194893059403 0.05558663831142085
0 0.8668968560652628 0.3384164659036956 0.1122939384517373 0.06557045676326564
0 0.8489640777140341 0.37138054216815614 0.0915502870433052 0.06557045676326569
0 0.8302974110473671 0.4392518892469821 0.09155028704330516 0.07131315092091743
0 0.8541205128467572 0.8396674875952621 0.07707208825107591 0.0633207674749253
