0 0.6126666666666667 0.9694999999999999 0.07599999999999994 0.03500000000000014
0 0.6206666666666666 0.9285 0.05999999999999993 0.03499999999999986
0 0.7233333333333333 0.938 0.0626666666666668 0.03599999999999994
0 0.6733333333333329 0.9415000000000002 0.05066666666666677 0.049
0 0.5766666666666665 0.9414999999999994 0.049333333333333146 0.03699999999999987
0 0.4866666666666667 0.8809999999999999 0.0506666666666667 0.02200000000000003
0 0.3459999999999999 0.8654999999999999 0.0493333333333333 0.020999999999999942
0 0.35 0.8025 0.04666666666666672 0.028999999999999915
0 0.332 0.8405 0.03733333333333334 0.029000000000000057
0 0.36266666666666664 0.83 0.03733333333333334 0.026000000000000086
0 0.3566666666666667 0.8469999999999999 0.043999999999999984 0.01799999999999997
0 0.4686666666666667 0.75 0.05733333333333334 0.04
0 0.5726666666666668 0.841 0.04933333333333337 0.028000000000000115
0 0.5726666666666667 0.8145 0.0386666666666666 0.026999999999999885
0 0.8406666666666667 0.8859999999999999 0.10000000000000014 0.04799999999999997
0 0.9293333333333331 0.921 0.08800000000000009 0.09000000000000034
0 0.8593333333333334 0.9365000000000001 0.10799999999999997 0.06700000000000003
0 0.7746666666666667 0.8444999999999999 0.09333333333333343 0.05500000000000014
0 0.7773333333333333 0.7905 0.08533333333333332 0.06099999999999994
0 0.6853333333333333 0.7880000000000001 0.1093333333333333 0.04600000000000008
0 0.6286666666666667 0.7040000000000001 0.0706666666666667 0.05799999999999997
0 0.6206666666666667 0.7444999999999999 0.08666666666666671 0.04700000000000003
0 0.562 0.718 0.043999999999999984 0.03
0 0.8673333333333333 0.585 0.1 0.06399999999999999
0 0.8353333333333333 0.5165000000000001 0.08666666666666671 0.06100000000000001
0 0.754318037606689 0.5171956803959252 0.07489031559967542 0.06076031463838709
0 0.7195903653186363 0.48580827241657654 0.06875572200201183 0.04099999999999992
0 0.6460000000000001 0.449 0.0653333333333333 0.036
0 0.58 0.687 0.0293333333333333 0.02799999999999983
0 0.5586666666666666 0.6975 0.023999999999999987 0.01900000000000006
0 0.3813333333333333 0.709 0.04 0.024000000000000056
0 0.35400000000000004 0.728 0.03866666666666667 0.024000000000000056
0 0.284 0.7265 0.04800000000000001 0.028999999999999915
0 0.26399999999999996 0.6565000000000002 0.04799999999999996 0.03099999999999973
0 0.254 0.6725 0.04666666666666664 0.029000000000000057
0 0.25733333333333336 0.7115 0.05333333333333332 0.022999999999999972
0 0.24933333333333338 0.6920000000000001 0.061333333333333365 0.021999999999999888
0 0.43400000000000005 0.619 0.04666666666666664 0.027999999999999973
0 0.4099999999999997 0.6234999999999998 0.049333333333333285 0.027000000000000034
0 0.4093333333333333 0.6104999999999999 0.005333333333333314 0.0010000000000000141
0 0.384 0.589 0.04799999999999997 0.028000000000000042
0 0.10533333333333333 0.6225 0.05333333333333335 0.031000000000000087
0 0.07400000000000001 0.608 0.03866666666666667 0.03200000000000003
0 0.08933333333333332 0.5954999999999999 0.048 0.041000000000000085
0 0.12133333333333333 0.5855 0.040000000000000015 0.041000000000000085
0 0.15866666666666668 0.579 0.04266666666666666 0.03399999999999991
0 0.18266666666666664 0.5995 0.05066666666666668 0.02300000000000004
0 0.29600000000000004 0.597 0.04799999999999997 0.03800000000000004
0 0.30333333333333334 0.5355 0.04933333333333337 0.031000000000000014
0 0.3393333333333334 0.523 0.043999999999999984 0.04000000000000007
0 0.38733333333333336 0.5655 0.041333333333333326 0.038999999999999986
0 0.542 0.5295000000000001 0.06266666666666666 0.035
0 0.45133333333333325 0.5395 0.041333333333333326 0.035
0 0.44666666666666666 0.5665 0.05066666666666663 0.028999999999999915
0 0.414 0.5695 0.04666666666666672 0.026999999999999885
0 0.18266666666666664 0.5139999999999999 0.037333333333333295 0.01799999999999985
0 0.16266666666666665 0.482 0.050666666666666665 0.02200000000000003
0 0.17733333333333334 0.46099999999999997 0.04800000000000001 0.03199999999999996
0 0.20199999999999999 0.48200000000000004 0.033333333333333354 0.027999999999999973
0 0.19200000000000003 0.5495 0.04266666666666669 0.02300000000000004
0 0.222 0.5435000000000001 0.022666666666666658 0.02300000000000004
0 0.266 0.5025 0.04133333333333336 0.031000000000000087
0 0.256 0.4275 0.04800000000000001 0.031000000000000014
0 0.38 0.46950000000000003 0.056000000000000015 0.03499999999999993
0 0.41733333333333333 0.4045 0.05333333333333336 0.03499999999999993
0 0.4613333333333333 0.40299999999999997 0.04 0.04
0 0.4966666666666667 0.41450000000000004 0.04400000000000006 0.026999999999999958
0 0.31733333333333336 0.452 0.04 0.03
0 0.2813333333333333 0.45150000000000007 0.040000000000000036 0.021000000000000015
0 0.32333333333333336 0.38349999999999995 0.06000000000000003 0.043000000000000045
0 0.44133333333333336 0.493 0.06133333333333326 0.03
0 0.2766666666666666 0.37549999999999994 0.04400000000000002 0.03300000000000004
0 0.306 0.34850000000000003 0.0493333333333333 0.035
0 0.25666666666666665 0.3425 0.03600000000000001 0.025
0 0.30466666666666664 0.304 0.041333333333333326 0.03200000000000003
0 0.29 0.32949999999999996 0.03333333333333332 0.03299999999999994
0 0.3066666666666667 0.2775 0.0506666666666667 0.035
0 0.3446666666666667 0.275 0.041333333333333326 0.035999999999999976
0 0.3366666666666667 0.23950000000000002 0.01733333333333327 0.026999999999999993
0 0.368 0.24200000000000002 0.03200000000000003 0.019999999999999966
0 0.37066666666666664 0.28 0.03199999999999996 0.03399999999999999
0 0.2793333333333333 0.41150000000000003 0.041333333333333326 0.026999999999999958
0 0.2886666666666667 0.431 0.035999999999999976 0.02
0 0.5426666666666666 0.4725 0.045333333333333385 0.038999999999999986
0 0.52 0.5065000000000001 0.04266666666666666 0.028999999999999984
0 0.5059999999999999 0.4645 0.041333333333333326 0.03499999999999993
0 0.5013333333333334 0.43650000000000005 0.05333333333333336 0.03300000000000004
0 0.4093333333333334 0.435 0.04799999999999997 0.03
0 0.456 0.439 0.03733333333333334 0.03400000000000006
0 0.4333333333333333 0.46149999999999997 0.04266666666666673 0.022999999999999972
0 0.79 0.451 0.07066666666666663 0.06
0 0.8219999999999998 0.44599999999999995 0.043999999999999914 0.06800000000000005
0 0.9620000000000001 0.267 0.07599999999999994 0.072
0 0.9473333333333328 0.2379999999999998 0.10533333333333411 0.051999999999999984
0 0.72 0.3985 0.04266666666666666 0.035
0 0.6253333333333333 0.4065 0.0293333333333333 0.030999999999999944
0 0.6046666666666667 0.391 0.05466666666666668 0.027999999999999973
0 0.5446666666666666 0.36200000000000004 0.0386666666666666 0.03799999999999997
0 0.5780000000000001 0.3575 0.038666666666666745 0.038999999999999986
0 0.6073333333333334 0.36400000000000005 0.033333333333333284 0.041999999999999954
0 0.6853333333333333 0.342 0.05066666666666663 0.04
0 0.6373333333333333 0.33199999999999996 0.034666666666666686 0.027999999999999935
0 0.6459999999999999 0.358 0.043999999999999984 0.02999999999999993
0 0.72 0.34149999999999997 0.02933333333333337 0.04699999999999999
0 0.6906666666666667 0.3225 0.045333333333333455 0.029000000000000022
0 0.6486666666666667 0.3055 0.033333333333333284 0.03500000000000007
0 0.5766666666666667 0.324 0.03066666666666663 0.031999999999999994
0 0.7340000000000001 0.29 0.027999999999999973 0.03399999999999999
0 0.24666666666666665 0.309 0.029333333333333263 0.02600000000000005
0 0.9706666666666667 0.9715 0.04799999999999997 0.05700000000000003
0 0.7879999999999999 0.5884999999999999 0.05333333333333343 0.03300000000000004
0 0.7793333333333333 0.40900000000000003 0.027999999999999973 0.03199999999999996
0 0.7819999999999999 0.38299999999999995 0.033333333333333284 0.016000000000000014
0 0.8093333333333333 0.3655 0.03200000000000003 0.021000000000000015
0 0.7606666666666666 0.402 0.025333333333333315 0.02999999999999993
0 0.7473333333333333 0.3705 0.03333333333333343 0.028999999999999984
0 0.7606666666666666 0.34299999999999997 0.033333333333333284 0.023999999999999987
0 0.778 0.36450000000000005 0.03333333333333343 0.03300000000000004
0 0.8 0.3395 0.0426666666666668 0.026999999999999958
0 0.7693333333333334 0.32650000000000007 0.04266666666666666 0.031000000000000014
0 0.8213333333333334 0.342 0.02666666666666657 0.027999999999999973
0 0.8106666666666666 0.32299999999999995 0.034666666666666686 0.026000000000000013
0 0.79 0.309 0.04400000000000006 0.018000000000000006
0 0.8306666666666667 0.3125 0.034666666666666686 0.04500000000000003
0 0.8626666666666668 0.3085 0.04266666666666666 0.027000000000000027
0 0.6046666666666666 0.26699999999999996 0.033333333333333284 0.029999999999999964
0 0.5846666666666667 0.281 0.03333333333333343 0.021999999999999992
0 0.6273333333333333 0.2965 0.033333333333333354 0.02300000000000004
0 0.6146666666666667 0.243 0.02133333333333333 0.03
0 0.5939999999999999 0.235 0.028000000000000042 0.023999999999999987
0 0.6853333333333333 0.27299999999999996 0.04 0.029999999999999964
0 0.6873333333333332 0.3055 0.0413333333333334 0.03100000000000005
0 0.709333333333333 0.27649999999999997 0.03200000000000003 0.026999999999999958
0 0.6726666666666667 0.2619999999999999 0.036000000000000316 0.028000000000000014
0 0.69 0.2425 0.03333333333333343 0.035
0 0.7006666666666667 0.20200000000000004 0.027999999999999973 0.031999999999999994
0 0.7140000000000001 0.20149999999999998 0.0386666666666666 0.029000000000000022
0 0.7140000000000001 0.21799999999999997 0.0386666666666666 0.026000000000000013
0 0.7440000000000001 0.23399999999999999 0.045333333333333316 0.02400000000000002
0 0.7193333333333334 0.24100000000000002 0.025333333333333315 0.028000000000000008
