0 0.6019999999999992 0.5154999999999997 0.10800000000000011 0.06500000000000009
0 0.548 0.513 0.007999999999999972 0.006000000000000014
0 0.5366666666666667 0.341 0.04666666666666679 0.04800000000000001
0 0.6106666666666666 0.5845 0.045333333333333316 0.04699999999999989
0 0.2906666666666667 0.55 0.05333333333333332 0.049999999999999926
0 0.36333333333333334 0.296 0.033333333333333284 0.028000000000000042
0 0.2846666666666667 0.3605 0.041333333333333326 0.038999999999999986
0 0.23866666666666667 0.4425 0.04266666666666669 0.031000000000000087
0 0.4653333333333333 0.3065 0.03733333333333334 0.04100000000000005
0 0.3973333333333333 0.3 0.0186666666666666 0.02400000000000002
0 0.62 0.3995 0.04266666666666659 0.026999999999999958
