0 0.5026666666666667 0.5060000000000001 0.12266666666666659 0.10800000000000004
0 0.434 0.6765000000000001 0.09466666666666669 0.131
0 0.45866666666666667 0.9155 0.10400000000000005 0.11900000000000005
0 0.5373333333333333 0.9440000000000001 0.09333333333333335 0.11200000000000003
0 0.5593333333333333 0.8625 0.13466666666666668 0.12100000000000008
0 0.21400000000000002 0.8865 0.1 0.12099999999999994
0 0.23266666666666666 0.787 0.11866666666666664 0.1
0 0.2866666666666665 0.7434999999999998 0.1306666666666666 0.12299999999999961
0 0.060666666666666653 0.6354999999999998 0.09999999999999998 0.13099999999999978
0 0.2779999999999998 0.6195000000000005 0.11866666666666664 0.11100000000000064
0 0.30266666666666664 0.5335 0.0986666666666666 0.11300000000000004
0 0.13266666666666668 0.5335 0.1746666666666667 0.10699999999999996
0 0.136 0.455 0.152 0.11
0 0.36 0.4040000000000001 0.09066666666666666 0.09600000000000002
0 0.46533333333333354 0.37549999999999983 0.09333333333333352 0.12299999999999994
0 0.042666666666666665 0.38987499999999997 0.08533333333333333 0.07775000000000006
0 0.1733333333333333 0.3495 0.12 0.135
0 0.6559999999999999 0.467 0.0986666666666666 0.12200000000000003
0 0.254 0.306 0.12666666666666668 0.11800000000000001
0 0.31666666666666665 0.2905 0.0893333333333333 0.12499999999999996
0 0.3993333333333334 0.297 0.09200000000000003 0.10199999999999995
0 0.48266666666666624 0.30149999999999993 0.09866666666666665 0.09899999999999999
0 0.6033333333333334 0.3775 0.10266666666666666 0.115
0 0.5300000000000001 0.34199999999999986 0.08400000000000003 0.1
0 0.67 0.3925 0.046666666666666856 0.055
0 0.7253333333333329 0.4474999999999996 0.07466666666666741 0.081
0 0.8640000000000001 0.47900000000000004 0.12 0.09800000000000005
0 0.9186666666666667 0.446 0.09333333333333328 0.09
0 0.71 0.38849999999999996 0.05733333333333334 0.06300000000000004
0 0.8086666666666668 0.3995 0.06266666666666666 0.09500000000000007
0 0.7613333333333333 0.377 0.0613333333333334 0.0520000000000001
0 0.7486666666666667 0.4105 0.07066666666666663 0.07899999999999999
0 0.7066666666666666 0.6925 0.08000000000000014 0.14900000000000005
0 0.7693333333333334 0.7129999999999996 0.10400000000000013 0.12600000000000014
0 0.7773333333333332 0.6559999999999999 0.09333333333333328 0.13200000000000003
0 0.8826666666666667 0.6724999999999995 0.11733333333333353 0.16899999999999998
0 0.9540000000000001 0.4 0.09200000000000003 0.09400000000000006
0 0.8586666666666667 0.397 0.08266666666666665 0.09000000000000007
