0 0.7966666666666667 0.47700000000000004 0.036000000000000344 0.027999999999999973
0 0.5426666666666666 0.41700000000000004 0.055999999999999946 0.04
0 0.508 0.39 0.04800000000000004 0.03599999999999994
0 0.38733333333333336 0.4965 0.041333333333333326 0.037000000000000026
0 0.46799999999999997 0.447 0.04800000000000004 0.03800000000000004
0 0.036 0.4775 0.037333333333333336 0.030999999999999944
0 0.442 0.37400000000000005 0.03600000000000001 0.03600000000000001
0 0.0493333333333333 0.3214999999999997 0.029333333333333322 0.022999999999999975
0 0.5633333333333336 0.5265000000000001 0.03866666666666662 0.022999999999999757
0 0.14466666666666667 0.37799999999999995 0.01466666666666665 0.023999999999999987
0 0.6253333333333333 0.5285 0.026666666666666786 0.027000000000000027
0 0.5893333333333333 0.49450000000000005 0.01866666666666674 0.02300000000000004
0 0.11466666666666664 0.5189999999999999 0.03466666666666665 0.028000000000000042
0 0.23733333333333334 0.5875 0.045333333333333316 0.031000000000000014
0 0.4566666666666667 0.7434999999999999 0.0493333333333333 0.035
0 0.4800000000000001 0.8094999999999998 0.04000000000000001 0.04499999999999997
0 0.32666666666666666 0.5055000000000001 0.02400000000000001 0.018999999999999982
0 0.32733333333333337 0.4965 0.041333333333333326 0.022999999999999972
0 0.9133333333333333 0.49150000000000005 0.07733333333333334 0.05100000000000002
0 0.93 0.5405000000000001 0.033333333333333284 0.029000000000000057
0 0.6113333333333333 0.8569999999999999 0.038666666666666745 0.03200000000000003
0 0.6593333333333333 0.8225 0.04400000000000006 0.030999999999999944
