0 0.7426695652173914 0.40900000000000003 0.05196521739130432 0.04600000000000001
0 0.5456347826086956 0.355 0.07361739130434784 0.043999999999999984
0 0.4601086956521738 0.4020000000000001 0.0671217391304347 0.04199999999999995
0 0.30313043478260865 0.431 0.0649565217391304 0.04200000000000003
0 0.22085217391304346 0.4015000000000001 0.0606260869565217 0.04899999999999999
0 0.15914347826086955 0.41 0.06279130434782611 0.03599999999999994
0 0.11150869565217389 0.4265 0.07145217391304345 0.037000000000000026
0 0.11908695652173912 0.4935 0.08227826086956519 0.025
0 0.8390217391304347 0.555 0.07578260869565213 0.03399999999999991
0 0.8520130434782607 0.41950000000000004 0.06279130434782601 0.04699999999999996
0 1.0424637548605107 0.46268571563128313 0.11962069844891482 0.026700101104544106
0 1.045015414240923 0.5134363159538955 0.11962069844891472 0.026700101104544096
