0 0.10866666666666668 0.7169999999999999 0.08933333333333332 0.05799999999999997
0 0.376 0.276 0.21599999999999997 0.18200000000000002
0 0.7956831097755059 0.40135204892821036 0.25439642414745506 0.2130000000000008
0 0.6020994568216267 0.658750639772344 0.21599999999999914 0.22631899580633658
0 0.5670953335051107 0.7814236842101735 0.19515078149357032 0.14523937355977995
0 0.5896991216150121 0.6107650870555225 0.2283274953445162 0.19003168648656427
0 0.07666666666666666 0.24337499999999998 0.15333333333333332 0.09075
0 0.15333333333333335 0.11699999999999999 0.16000000000000003 0.11799999999999997
0 0.16666666666666669 0.0425 0.14400000000000002 0.085
0 0.26199999999999996 0.033 0.06 0.066
0 0.29866666666666664 0.038 0.06933333333333337 0.076
0 0.21600000000000003 0.6325 0.12533333333333335 0.065
0 0.29066666666666663 0.5875 0.19999999999999996 0.10100000000000002
0 0.23203741693745875 0.2690763881860396 0.14666666666666653 0.07237853005940671
0 0.1953333333333333 0.21899999999999997 0.08400000000000002 0.06199999999999999
0 0.26333333333333325 0.26249999999999996 0.124 0.14099999999999988
0 0.21733333333333335 0.42100000000000004 0.22133333333333335 0.15200000000000002
0 0.3493333333333333 0.42699999999999977 0.25866666666666677 0.17000000000000026
0 0.4104795917958862 0.6992138409353736 0.16577843708067685 0.1216513246844775
0 0.11333333333333334 0.774 0.07733333333333331 0.052000000000000025
0 0.1459339383691545 0.8072122638647222 0.059449486466657486 0.04200000000000008
