0 0.6066445182724253 0.5085000000000001 0.03056478405315623 0.022999999999999972
0 0.584717607973422 0.486 0.013289036544850532 0.02200000000000003
0 0.8411960132890366 0.6114999999999999 0.026578073089701063 0.012999999999999972
0 0.746843853820598 0.547 0.04518272425249165 0.03199999999999996
0 0.7588039867109635 0.529 0.03189368770764105 0.013999999999999986
0 0.38737541528239205 0.429 0.01993355481727569 0.012000000000000028
0 0.3627906976744185 0.4485 0.013289036544850532 0.015
0 0.21328903654485049 0.3885 0.014617940199335565 0.007000000000000029
0 0.20863787375415285 0.37799999999999995 0.01594684385382063 0.01
0 0.35348837209302325 0.44049999999999995 0.01328903654485046 0.018999999999999986
0 0.34285714285714286 0.42950000000000005 0.021262458471760795 0.013000000000000043
0 0.5016611295681063 0.3765 0.01727574750830556 0.029000000000000057
