0 0.4953333333333333 0.5705 0.022666666666666727 0.039000000000000055
0 0.5126666666666666 0.5764999999999999 0.022666666666666727 0.03300000000000004
0 0.5273333333333333 0.591 0.025333333333333315 0.03200000000000003
0 0.552 0.6244999999999998 0.037333333333333274 0.027000000000000027
0 0.5506666666666666 0.601 0.034666666666666617 0.02999999999999993
0 0.5546666666666666 0.6505 0.01866666666666674 0.0370000000000001
0 0.5833333333333333 0.6124999999999999 0.022666666666666727 0.03899999999999992
0 0.5906666666666667 0.6424999999999998 0.02133333333333347 0.028999999999999984
0 0.5953333333333333 0.606 0.019999999999999928 0.03999999999999993
0 0.6153333333333333 0.6324999999999998 0.022666666666666727 0.035
0 0.6326666666666667 0.6384999999999998 0.0226666666666668 0.032999999999999974
0 0.6519999999999999 0.6485 0.021333333333333256 0.03300000000000004
0 0.6826666666666665 0.6579999999999999 0.0186666666666666 0.04400000000000013
0 0.6926666666666667 0.675 0.022666666666666516 0.03000000000000014
0 0.9266666666666665 0.7015 0.026666666666666713 0.032999999999999974
0 0.87 0.6625 0.02 0.041000000000000085
0 0.9093333333333333 0.674 0.03200000000000003 0.03200000000000003
0 0.9279999999999999 0.6835 0.034666666666666686 0.025
0 0.8959999999999999 0.6664999999999999 0.023999999999999914 0.03300000000000011
0 0.6626666666666666 0.9614999999999998 0.02933333333333337 0.022999999999999972
0 0.5793333333333334 0.8869999999999999 0.022666666666666727 0.028000000000000115
0 0.6066666666666667 0.9055 0.016000000000000014 0.029000000000000057
0 0.6333333333333333 0.9135 0.024000000000000056 0.027000000000000027
0 0.6453333333333333 0.9319999999999999 0.03733333333333334 0.03
0 0.22933333333333333 0.8169999999999998 0.034666666666666686 0.02200000000000003
0 0.2906666666666667 0.8035 0.01866666666666667 0.027000000000000027
0 0.25666666666666665 0.813 0.022666666666666693 0.024000000000000056
0 0.26066666666666666 0.7894999999999999 0.025333333333333315 0.025
0 0.22399999999999998 0.8584999999999999 0.02666666666666668 0.025000000000000144
0 0.24533333333333332 0.8424999999999998 0.03733333333333338 0.020999999999999942
0 0.29266666666666663 0.8334999999999999 0.0306666666666667 0.022999999999999972
0 0.06533333333333333 0.7754999999999999 0.02666666666666666 0.028999999999999915
0 0.098 0.7894999999999999 0.025333333333333333 0.027000000000000027
0 0.05066666666666667 0.6585 0.03466666666666667 0.03300000000000011
0 0.078 0.6539999999999999 0.03333333333333334 0.03400000000000006
0 0.030666666666666665 0.6459999999999999 0.04 0.03799999999999997
0 0.034 0.6234999999999998 0.027999999999999997 0.025
0 0.06666666666666667 0.621 0.029333333333333326 0.029999999999999857
0 0.06266666666666666 0.5954999999999999 0.04266666666666667 0.028999999999999915
0 0.08333333333333334 0.5834999999999999 0.03333333333333333 0.035
0 0.06866666666666667 0.5605 0.022666666666666665 0.02500000000000007
0 0.5786666666666667 0.7869999999999999 0.024000000000000056 0.027999999999999973
0 0.588 0.8 0.034666666666666686 0.026000000000000086
0 0.61 0.8075 0.03066666666666663 0.028999999999999915
0 0.6273333333333333 0.8179999999999998 0.027999999999999973 0.029999999999999857
0 0.6433333333333333 0.8364999999999999 0.03599999999999994 0.020999999999999942
0 0.6460000000000001 0.8664999999999999 0.038666666666666745 0.01900000000000006
0 0.652 0.8484999999999999 0.04266666666666659 0.015000000000000142
0 0.8686666666666667 0.5409999999999999 0.03600000000000009 0.03200000000000003
0 0.9033333333333334 0.5394999999999999 0.022666666666666658 0.02300000000000004
0 0.9253333333333333 0.5369999999999999 0.015999999999999945 0.03200000000000003
0 0.9433333333333335 0.5375 0.030666666666666488 0.025
0 0.7173333333333334 0.5239999999999999 0.01866666666666674 0.03400000000000006
0 0.7353333333333333 0.5319999999999999 0.02 0.030000000000000072
0 0.37733333333333335 0.5715 0.03199999999999996 0.037000000000000026
0 0.35133333333333333 0.566 0.027999999999999973 0.027999999999999973
0 0.23399999999999987 0.5519999999999998 0.04133333333333318 0.02200000000000003
0 0.24866666666666667 0.5325 0.022666666666666658 0.029000000000000057
0 0.2693333333333333 0.5249999999999999 0.023999999999999987 0.04000000000000007
0 0.23933333333333334 0.584 0.03600000000000001 0.026000000000000013
0 0.2579999999999998 0.5674999999999999 0.033333333333333326 0.025000000000000272
0 0.294 0.5189999999999999 0.025333333333333315 0.03400000000000006
0 0.29666666666666663 0.5359999999999999 0.022666666666666693 0.028000000000000042
0 0.31866666666666665 0.5339999999999999 0.023999999999999987 0.04200000000000003
0 0.3459999999999999 0.5409999999999999 0.025333333333333385 0.03
0 0.35533333333333333 0.5219999999999999 0.033333333333333354 0.03
0 0.33266666666666667 0.5019999999999999 0.03066666666666663 0.027999999999999973
0 0.35733333333333334 0.49149999999999994 0.026666666666666644 0.030999999999999944
0 0.316 0.4894999999999999 0.021333333333333294 0.026999999999999958
0 0.318 0.4564999999999999 0.028000000000000042 0.03699999999999996
0 0.364 0.44949999999999996 0.04 0.037000000000000026
0 0.33799999999999997 0.4759999999999999 0.04666666666666664 0.041999999999999954
0 0.029333333333333336 0.385 0.032 0.030000000000000072
0 0.06133333333333333 0.3715 0.032 0.032999999999999974
0 0.05333333333333334 0.38449999999999995 0.02666666666666667 0.032999999999999974
0 0.06533333333333333 0.42349999999999993 0.029333333333333336 0.04299999999999997
0 0.106 0.42 0.03600000000000001 0.043999999999999984
0 0.13733333333333334 0.42699999999999994 0.034666666666666665 0.03
0 0.18799999999999997 0.44699999999999995 0.02666666666666668 0.03799999999999997
0 0.16666666666666663 0.42 0.029333333333333336 0.02999999999999993
0 0.20733333333333334 0.4599999999999999 0.03600000000000001 0.025999999999999943
0 0.7126666666666667 0.6819999999999999 0.025333333333333315 0.02200000000000003
0 0.022000000000000002 0.358 0.03333333333333333 0.03399999999999999
0 0.11066666666666666 0.30699999999999994 0.03200000000000001 0.031999999999999994
0 0.08733333333333332 0.2909999999999999 0.027999999999999997 0.039999999999999966
0 0.054000000000000006 0.26349999999999996 0.03333333333333333 0.04300000000000001
0 0.024666666666666667 0.26099999999999995 0.03333333333333333 0.04800000000000001
0 0.012666666666666665 0.269375 0.02533333333333333 0.03725000000000001
0 0.124 0.29399999999999993 0.02666666666666668 0.03199999999999996
0 0.084 0.25299999999999995 0.01866666666666666 0.04599999999999998
0 0.33666666666666667 0.42849999999999994 0.022666666666666658 0.026999999999999958
0 0.13399999999999998 0.4075 0.025333333333333333 0.028999999999999984
0 0.54 0.368 0.023999999999999987 0.03599999999999994
0 0.606 0.4 0.033333333333333354 0.03399999999999999
0 0.5706666666666667 0.3705 0.02133333333333347 0.030999999999999944
0 0.4693333333333334 0.3675 0.0293333333333333 0.031000000000000014
0 0.45733333333333337 0.34699999999999986 0.034666666666666686 0.03199999999999996
0 0.3993333333333334 0.33049999999999996 0.027999999999999973 0.031000000000000014
0 0.45266666666666666 0.32849999999999996 0.025333333333333315 0.027000000000000027
0 0.4353333333333333 0.32349999999999995 0.02000000000000007 0.02300000000000004
0 0.414 0.32549999999999996 0.014666666666666685 0.029000000000000057
