0 0.10266666666666666 0.6679999999999999 0.096 0.13
0 0.256 0.684 0.10133333333333329 0.10600000000000001
0 0.31999999999999984 0.7390000000000001 0.11733333333333333 0.13799999999999976
0 0.5353333333333332 0.9495000000000001 0.08666666666666661 0.10099999999999987
0 0.4553333333333333 0.855 0.08666666666666671 0.11
0 0.39266666666666666 0.851 0.07066666666666663 0.09799999999999998
0 0.2780000000000001 0.8659999999999992 0.08133333333333334 0.11200000000000004
0 0.49066666666666675 0.6199999999999999 0.04800000000000006 0.07400000000000004
0 0.4233333333333333 0.613 0.04666666666666672 0.06800000000000005
0 0.7566666666666668 0.799 0.04666666666666657 0.06200000000000003
0 0.24800000000000005 0.565 0.05866666666666664 0.0719999999999999
0 0.07200000000000001 0.488 0.10400000000000001 0.06399999999999999
0 0.18333333333333335 0.47 0.06000000000000003 0.10400000000000005
0 0.23933333333333334 0.48150000000000004 0.06799999999999998 0.08300000000000005
0 0.2606666666666667 0.5125 0.07333333333333332 0.05900000000000006
0 0.064 0.43450000000000005 0.07466666666666666 0.08299999999999991
0 0.11133333333333333 0.382 0.0733333333333333 0.08199999999999996
0 0.14666666666666667 0.3435 0.07733333333333331 0.07700000000000004
0 0.09 0.25299999999999995 0.06 0.08400000000000002
0 0.037333333333333336 0.29400000000000004 0.05866666666666667 0.12399999999999999
0 0.08666666666666668 0.327 0.08266666666666668 0.09199999999999996
0 0.12866666666666668 0.1805 0.06 0.095
0 0.15733333333333335 0.15350000000000003 0.04 0.073
0 0.19333333333333333 0.1845 0.08 0.08300000000000002
0 0.198 0.2725 0.07866666666666668 0.095
0 0.36733333333333335 0.36849999999999994 0.05466666666666668 0.07699999999999996
0 0.23933333333333334 0.375 0.08399999999999999 0.08599999999999994
0 0.76 0.8634999999999999 0.08266666666666665 0.045
0 0.7213333333333333 0.7725 0.039999999999999855 0.05100000000000009
0 0.7966666666666667 0.6995 0.08400000000000006 0.05299999999999983
0 0.7713333333333332 0.7340000000000001 0.06799999999999998 0.03200000000000003
0 0.7880000000000001 0.6625 0.0586666666666666 0.045
0 0.7626666666666666 0.6265000000000001 0.05066666666666663 0.06900000000000013
0 0.71 0.596 0.06266666666666666 0.07799999999999997
0 0.664 0.5955 0.04 0.06899999999999991
0 0.6266666666666666 0.5715 0.04266666666666666 0.08299999999999998
0 0.5846666666666667 0.5785 0.0413333333333334 0.07700000000000003
0 0.5326666666666666 0.5695 0.0306666666666667 0.0529999999999999
0 0.24666666666666665 0.2985 0.07733333333333331 0.085
0 0.2853333333333333 0.3185 0.03733333333333331 0.07699999999999992
0 0.32866666666666666 0.3025 0.04666666666666664 0.087
0 0.37133333333333335 0.3055 0.05466666666666668 0.06899999999999999
0 0.2766666666666667 0.243 0.07066666666666667 0.07600000000000003
0 0.4 0.31549999999999995 0.0506666666666667 0.03900000000000002
0 0.44933333333333336 0.33299999999999996 0.0693333333333333 0.08600000000000005
0 0.5013333333333333 0.3575 0.06133333333333326 0.07100000000000001
0 0.5526666666666666 0.48100000000000004 0.10533333333333332 0.05799999999999997
0 0.5593333333333333 0.434 0.07866666666666668 0.054000000000000055
0 0.5386666666666666 0.38349999999999995 0.055999999999999946 0.07500000000000007
0 0.6246666666666667 0.4465 0.051999999999999956 0.05299999999999997
0 0.5926666666666667 0.39 0.052000000000000025 0.053999999999999986
0 0.5426666666666666 0.34700000000000003 0.045333333333333385 0.051999999999999956
0 0.6013333333333333 0.3525 0.039999999999999855 0.05899999999999998
0 0.6346666666666664 0.36250000000000004 0.042666666666666575 0.06499999999999988
0 0.49066666666666664 0.2819999999999999 0.08000000000000003 0.05799999999999981
0 0.2653333333333333 0.198 0.03733333333333331 0.056000000000000015
0 0.6779999999999999 0.44799999999999995 0.03333333333333343 0.06
0 0.7426666666666668 0.521 0.0586666666666666 0.03
0 0.7 0.4515 0.04 0.06099999999999994
0 0.726 0.46349999999999997 0.0413333333333334 0.04699999999999996
0 0.7433333333333334 0.49149999999999994 0.06 0.03499999999999993
0 0.48066666666666663 0.2455 0.05466666666666668 0.045
0 0.484 0.222 0.0613333333333334 0.03799999999999997
0 0.45966957021533383 0.1976323976175013 0.05466666666666655 0.050000000000000065
0 0.33333333333333326 0.21850000000000003 0.03733333333333331 0.063
0 0.2986666666666667 0.20149999999999998 0.023999999999999952 0.04900000000000002
0 0.42599999999999993 0.1795 0.038666666666666745 0.065
0 0.37200000000000005 0.2165 0.04000000000000007 0.077
0 0.3153333333333333 0.11699999999999999 0.046666666666666676 0.05
0 0.2633333333333333 0.174 0.03333333333333332 0.04400000000000002
0 0.31733333333333336 0.16449999999999998 0.045333333333333316 0.04700000000000003
0 0.348 0.15350000000000003 0.034666666666666686 0.056999999999999995
0 0.37200000000000005 0.14800000000000002 0.04000000000000007 0.06399999999999999
0 0.3933333333333333 0.1515 0.03733333333333334 0.063
0 0.44933333333333336 0.16899999999999998 0.06133333333333333 0.05400000000000002
0 0.31933333333333336 0.046 0.03600000000000001 0.04800000000000001
0 0.34333333333333327 0.04650000000000001 0.03600000000000001 0.04300000000000001
0 0.36066666666666664 0.056999999999999995 0.038666666666666655 0.03799999999999998
0 0.38266666666666665 0.0705 0.034666666666666686 0.03499999999999999
0 0.33333333333333337 0.8425 0.06666666666666668 0.11900000000000005
0 0.8446666666666667 0.616 0.033333333333333284 0.04800000000000004
0 0.8846666666666667 0.6164999999999999 0.027999999999999973 0.05299999999999997
0 0.9113333333333332 0.6255000000000001 0.0386666666666666 0.05100000000000009
0 0.9393333333333334 0.6295000000000001 0.028000000000000115 0.03300000000000011
0 0.9719999999999999 0.649 0.026666666666666713 0.03600000000000001
0 0.9426666666666668 0.649 0.03733333333333334 0.03799999999999997
0 0.96 0.7134999999999999 0.04 0.027000000000000027
0 0.9746666666666667 0.6915 0.04 0.030999999999999944
0 0.8806666666666666 0.5855 0.04133333333333326 0.029000000000000057
0 0.9219999999999999 0.568 0.04666666666666672 0.02999999999999993
0 0.95 0.5425 0.04933333333333337 0.031000000000000014
0 0.506 0.175 0.0386666666666666 0.04600000000000001
0 0.48266666666666663 0.14900000000000002 0.04266666666666666 0.034
0 0.5286666666666666 0.187 0.03599999999999994 0.04
0 0.5539999999999999 0.18950000000000003 0.033333333333333284 0.04699999999999999
0 0.5726666666666667 0.196 0.03066666666666663 0.031999999999999994
0 0.6066666666666666 0.1925 0.0293333333333333 0.035
0 0.602 0.22899999999999998 0.05733333333333334 0.03400000000000002
0 0.6506666666666666 0.2425 0.03200000000000003 0.053000000000000005
0 0.677333333333333 0.24799999999999997 0.03466666666666687 0.03999999999999998
0 0.7259999999999994 0.2865000000000001 0.03866666666666713 0.03899999999999981
0 0.7006666666666667 0.24700000000000003 0.0386666666666666 0.05000000000000004
0 0.81 0.3015 0.04400000000000006 0.039000000000000055
0 0.7659999999999999 0.26699999999999996 0.030666666666666488 0.05199999999999999
0 0.7373333333333334 0.257 0.03199999999999989 0.03800000000000004
0 0.7913333333333332 0.28 0.025333333333333458 0.04
0 0.8206666666666667 0.32549999999999996 0.0413333333333334 0.031000000000000014
0 0.6506666666666667 0.391 0.05066666666666652 0.06
0 0.6793333333333333 0.38799999999999996 0.03600000000000009 0.045999999999999944
0 0.7106666666666667 0.395 0.04 0.045999999999999944
0 0.7226666666666668 0.37549999999999994 0.03200000000000003 0.04500000000000007
0 0.7573333333333333 0.38400000000000006 0.04 0.03800000000000004
0 0.739333333333333 0.41449999999999987 0.036000000000000185 0.06500000000000017
0 0.9433333333333335 0.5115000000000001 0.043999999999999914 0.043000000000000045
0 0.9266666666666667 0.491 0.02933333333333337 0.04200000000000003
0 0.9059999999999999 0.486 0.03600000000000009 0.05999999999999999
0 0.7986666666666667 0.43700000000000006 0.03733333333333334 0.05000000000000007
0 0.7633333333333334 0.45299999999999996 0.033333333333333284 0.045999999999999944
0 0.8013333333333332 0.46349999999999997 0.04000000000000014 0.04699999999999996
0 0.826 0.461 0.028000000000000115 0.05
0 0.8466666666666666 0.46349999999999997 0.03733333333333334 0.04699999999999996
0 0.8640000000000001 0.4725 0.04000000000000014 0.040999999999999946
0 0.8873333333333333 0.47200000000000003 0.03333333333333343 0.041999999999999954
0 0.8726666666666667 0.7945 0.025333333333333315 0.03300000000000011
0 0.9326666666666666 0.9230000000000002 0.028000000000000115 0.03399999999999991
0 0.96 0.9105 0.026666666666666713 0.039000000000000055
0 0.8540000000000001 0.7655 0.025333333333333315 0.025
0 0.8793333333333334 0.767 0.03066666666666663 0.028000000000000115
