0 0.32287499999999997 0.6984999999999999 0.036749999999999935 0.037000000000000026
0 0.34199999999999997 0.9109999999999999 0.03 0.07199999999999988
0 0.3671249999999999 0.9259999999999999 0.024750000000000015 0.07200000000000002
0 0.38287499999999997 0.925 0.029250000000000043 0.05
0 0.3963749999999998 0.9139999999999995 0.03825000000000008 0.03600000000000024
0 0.46387499999999987 0.5845 0.023249999999999958 0.04499999999999993
0 0.23362499999999997 0.728 0.03374999999999997 0.04
0 0.22049999999999997 0.7475 0.031499999999999986 0.039000000000000055
0 0.20099999999999998 0.7480000000000001 0.01799999999999997 0.04600000000000008
0 0.18899999999999997 0.735 0.01799999999999997 0.045999999999999944
0 0.7451249999999999 0.9185 0.030750000000000027 0.04299999999999997
0 0.7289999999999999 0.764 0.020999999999999942 0.04600000000000008
0 0.33562499999999995 0.6405000000000001 0.035250000000000024 0.05100000000000009
0 0.1785 0.6459999999999999 0.0225 0.01799999999999997
0 0.18674999999999997 0.6335000000000001 0.0225 0.01700000000000003
0 0.174 0.621 0.0315 0.018000000000000044
0 0.17924999999999996 0.6034999999999999 0.023999999999999987 0.024999999999999897
0 0.20549999999999996 0.583 0.0225 0.026000000000000013
0 0.19049999999999997 0.5925 0.022499999999999964 0.018999999999999986
0 0.22237499999999988 0.6265000000000001 0.026249999999999992 0.02299999999999992
0 0.23399999999999999 0.6065 0.013499999999999979 0.032999999999999974
0 0.26325 0.6355000000000001 0.018000000000000006 0.031000000000000087
0 0.274875 0.6509999999999999 0.02625 0.03200000000000003
0 0.31199999999999994 0.6145 0.029999999999999964 0.043000000000000045
0 0.2823749999999999 0.5830000000000001 0.02474999999999998 0.04599999999999998
0 0.22687499999999997 0.5559999999999999 0.03375 0.03199999999999996
0 0.280875 0.627 0.020249999999999987 0.03800000000000012
0 0.29737499999999994 0.5974999999999997 0.030750000000000038 0.04500000000000007
0 0.29999999999999993 0.5655 0.029999999999999964 0.04099999999999987
0 0.3135 0.5525 0.022500000000000034 0.06099999999999994
0 0.32512499999999994 0.5415 0.02174999999999997 0.058999999999999914
0 0.36 0.571 0.04350000000000001 0.049999999999999926
0 0.3476250000000002 0.5325000000000002 0.02174999999999976 0.04900000000000004
0 0.3765 0.536 0.04200000000000003 0.04000000000000007
0 0.376125 0.504 0.03375 0.04600000000000001
0 0.3495 0.48350000000000004 0.032999999999999974 0.032999999999999974
0 0.40125 0.48400000000000004 0.02999999999999993 0.051999999999999956
0 0.4575 0.522 0.028500000000000015 0.052000000000000025
0 0.44137499999999996 0.49450000000000005 0.02174999999999997 0.055
0 0.422625 0.505 0.023250000000000028 0.04400000000000006
0 0.23212499999999994 0.5314999999999994 0.02775000000000001 0.031
0 0.26775 0.521 0.020999999999999977 0.03200000000000003
0 0.25012499999999993 0.5175 0.01875 0.035
0 0.23362499999999997 0.519 0.024750000000000015 0.028000000000000042
0 0.5141249999999999 0.46599999999999997 0.02174999999999997 0.03199999999999996
0 0.49649999999999994 0.47450000000000003 0.020999999999999942 0.032999999999999974
0 0.513 0.495 0.02999999999999993 0.03400000000000006
0 0.48487499999999994 0.5 0.027749999999999986 0.03
0 0.5055 0.5205 0.022500000000000023 0.021000000000000015
0 0.48974999999999996 0.534 0.023999999999999987 0.03
0 0.51 0.547 0.021000000000000015 0.028000000000000042
0 0.4882499999999999 0.5615 0.026999999999999958 0.016999999999999887
0 0.5081249999999996 0.5789999999999998 0.024750000000000008 0.028000000000000035
0 0.5021249999999999 0.6225 0.024750000000000015 0.031000000000000087
0 0.520125 0.611 0.02174999999999997 0.028000000000000042
0 0.525 0.642 0.02549999999999997 0.024000000000000056
0 0.5009999999999999 0.649 0.027000000000000027 0.01799999999999997
0 0.49875 0.6794999999999999 0.023999999999999987 0.03499999999999986
0 0.5231249999999998 0.6890000000000001 0.020249999999999987 0.021999999999999888
0 0.5159999999999999 0.6715000000000001 0.02549999999999997 0.029000000000000057
0 0.5857499999999999 0.647 0.03300000000000004 0.028000000000000115
0 0.579375 0.6315 0.027750000000000056 0.022999999999999972
0 0.599625 0.62 0.03674999999999997 0.054000000000000055
0 0.632625 0.6164999999999999 0.03375000000000014 0.037000000000000026
0 0.6573749999999998 0.6850000000000002 0.02475000000000008 0.03599999999999994
0 0.63375 0.6715000000000001 0.028500000000000015 0.037000000000000026
0 0.6333749999999999 0.637 0.03525000000000006 0.03
0 0.7533749999999999 0.6345000000000001 0.023249999999999885 0.035
0 0.19012499999999996 0.3015 0.014250000000000007 0.027000000000000027
0 0.16424999999999998 0.35350000000000004 0.015 0.022999999999999972
0 0.17775 0.359 0.016499999999999987 0.024000000000000056
0 0.253125 0.37599999999999995 0.024750000000000015 0.028000000000000042
0 0.24187499999999995 0.40149999999999997 0.020249999999999987 0.020999999999999942
0 0.225 0.419 0.015000000000000036 0.02200000000000003
0 0.23024999999999998 0.442 0.018000000000000006 0.012000000000000028
0 0.22124999999999997 0.43200000000000005 0.013500000000000014 0.021999999999999957
0 0.21 0.45400000000000007 0.022499999999999964 0.028000000000000042
0 0.667125 0.579 0.024749999999999942 0.028000000000000042
0 0.6074999999999999 0.5525 0.024000000000000056 0.028999999999999915
0 0.33862499999999995 0.46149999999999997 0.020249999999999987 0.020999999999999942
0 0.32325 0.45150000000000007 0.019500000000000028 0.031000000000000014
0 0.30974999999999997 0.452 0.018000000000000006 0.03999999999999993
0 0.29774999999999996 0.465 0.02400000000000002 0.025999999999999943
0 0.29287499999999994 0.4955 0.02625 0.018999999999999986
0 0.30524999999999997 0.4325 0.01649999999999995 0.01900000000000006
0 0.27824999999999994 0.46950000000000003 0.02550000000000001 0.02499999999999993
0 0.288 0.43700000000000006 0.021000000000000015 0.03200000000000003
0 0.27412499999999995 0.4475 0.023249999999999993 0.025
0 0.295875 0.4125 0.01725000000000005 0.018999999999999916
0 0.30487499999999995 0.4 0.020249999999999987 0.025999999999999943
0 0.30599999999999994 0.38049999999999995 0.014999999999999965 0.021000000000000015
0 0.316125 0.39049999999999996 0.01875 0.02500000000000007
0 0.33824999999999994 0.39649999999999996 0.01799999999999997 0.027000000000000027
0 0.32849999999999996 0.37799999999999995 0.015 0.023999999999999987
0 0.40125 0.40549999999999997 0.028500000000000015 0.03499999999999993
0 0.7544999999999998 0.564 0.019499999999999885 0.03199999999999989
0 0.7713749999999999 0.5805 0.023250000000000028 0.015
0 0.769125 0.5675 0.023249999999999885 0.018999999999999916
0 0.35512499999999997 0.42700000000000005 0.030750000000000027 0.028000000000000042
0 0.35512499999999997 0.45400000000000007 0.03825000000000003 0.028000000000000042
0 0.6933750000000001 0.5375 0.02924999999999997 0.028999999999999984
0 0.678375 0.5135000000000001 0.020250000000000056 0.035
0 0.69375 0.4925 0.023999999999999914 0.029000000000000057
0 0.6929999999999998 0.4690000000000001 0.021000000000000085 0.03199999999999996
0 0.7046250000000001 0.45150000000000007 0.023250000000000028 0.031000000000000014
0 0.7207499999999999 0.45899999999999996 0.03 0.027999999999999973
0 0.6299999999999999 0.363 0.028499999999999942 0.03600000000000001
0 0.6573749999999998 0.3515 0.024750000000000084 0.032999999999999974
0 0.6536249999999998 0.38400000000000006 0.02174999999999997 0.04000000000000007
0 0.6746249999999999 0.3925 0.029250000000000113 0.045
0 0.7027500000000001 0.436 0.028500000000000084 0.03200000000000003
0 0.69375 0.41200000000000003 0.023999999999999914 0.027999999999999973
0 0.6821250000000001 0.43849999999999995 0.017250000000000085 0.03300000000000004
0 0.564375 0.38150000000000006 0.024750000000000015 0.041000000000000016
0 0.574875 0.35350000000000004 0.020250000000000056 0.032999999999999974
0 0.5632499999999999 0.322 0.027000000000000027 0.038000000000000006
0 0.571875 0.3045 0.020249999999999987 0.043000000000000045
0 0.8002499999999999 0.5195000000000001 0.024000000000000056 0.03300000000000004
0 0.8182499999999999 0.5215000000000001 0.0225 0.041000000000000016
0 0.8351249999999999 0.533 0.01875 0.03
0 0.85125 0.528 0.02250000000000014 0.03
0 0.8647499999999999 0.5485000000000001 0.032999999999999974 0.02500000000000007
0 0.8302499999999999 0.5815 0.024000000000000056 0.04699999999999996
0 0.8490000000000001 0.59 0.02549999999999997 0.026000000000000013
0 0.8579999999999999 0.5690000000000001 0.03149999999999992 0.0179999999999999
0 0.8564999999999998 0.6094999999999999 0.03149999999999992 0.027000000000000027
0 0.864375 0.6265 0.027749999999999914 0.01700000000000003
0 0.8654999999999998 0.6485000000000001 0.021000000000000085 0.02500000000000007
0 0.8508749999999999 0.637 0.020250000000000056 0.021999999999999957
0 0.8384999999999999 0.6595 0.019500000000000028 0.025
0 0.133125 0.226 0.017249999999999998 0.019999999999999966
0 0.11324999999999999 0.258 0.017999999999999988 0.02
0 0.15337499999999998 0.235 0.012749999999999985 0.023999999999999987
0 0.831 0.7294999999999999 0.01799999999999997 0.027000000000000027
0 0.8268750000000001 0.6944999999999999 0.02325000000000058 0.018999999999999878
0 0.47474999999999995 0.376 0.0225 0.03200000000000003
0 0.481875 0.358 0.018750000000000072 0.02999999999999993
0 0.5085 0.34650000000000003 0.025500000000000043 0.018999999999999986
0 0.4916249999999999 0.3375 0.015750000000000028 0.025
0 0.36375 0.39799999999999996 0.028500000000000015 0.03399999999999999
0 0.36674999999999996 0.374 0.03 0.03400000000000006
0 0.3847499999999999 0.3675 0.025500000000000043 0.045
0 0.42112499999999997 0.37549999999999994 0.032249999999999945 0.031000000000000014
0 0.4113749999999999 0.359 0.023249999999999958 0.04799999999999997
0 0.5039999999999999 0.326 0.011999999999999957 0.02
0 0.4916249999999999 0.3185 0.014249999999999971 0.037000000000000026
0 0.47474999999999995 0.3145 0.01949999999999996 0.027000000000000066
0 0.46274999999999994 0.3215 0.021000000000000015 0.026999999999999993
0 0.45 0.33299999999999996 0.02249999999999993 0.023999999999999987
0 0.4477499999999999 0.35400000000000004 0.026999999999999958 0.021999999999999957
0 0.6134999999999999 0.514 0.0225 0.03200000000000003
0 0.61125 0.4865 0.023999999999999987 0.031000000000000087
0 0.599625 0.4690000000000001 0.021750000000000044 0.03199999999999996
0 0.621 0.45899999999999996 0.01949999999999996 0.03599999999999994
0 0.60675 0.4375 0.021000000000000015 0.031000000000000087
0 0.6401249999999998 0.44799999999999995 0.023250000000000028 0.043999999999999984
0 0.6221249999999999 0.43700000000000006 0.015749999999999886 0.03800000000000004
0 0.125625 0.3135 0.017249999999999977 0.023000000000000007
0 0.13049999999999998 0.33899999999999997 0.013499999999999996 0.025999999999999943
