0 0.6151111111111108 0.76 0.07111111111111099 0.05400000000000003
0 0.6915555555555557 0.8365 0.0675555555555556 0.05099999999999994
0 0.7697777777777778 0.855 0.07111111111111114 0.03400000000000006
0 0.8568888888888888 0.838 0.08533333333333332 0.03400000000000006
0 0.8675555555555556 0.7775 0.08177777777777777 0.045
0 0.7777777777777777 0.7855000000000001 0.08355555555555569 0.045000000000000144
0 0.7066666666666666 0.7215 0.06577777777777769 0.041000000000000085
0 0.8755555555555555 0.7105000000000001 0.09777777777777771 0.04899999999999991
0 0.9351111111111112 0.691 0.10666666666666672 0.039999999999999855
0 0.5671111111111111 0.7175 0.07111111111111107 0.05100000000000009
0 0.632888888888889 0.6779999999999999 0.07466666666666678 0.059999999999999984
0 0.696888888888889 0.655 0.04977777777777774 0.03399999999999999
0 0.7768888888888889 0.6614999999999999 0.07822222222222223 0.07099999999999987
0 0.8337777777777778 0.6555000000000001 0.049777777777777886 0.041000000000000085
0 0.88 0.6385000000000001 0.0497777777777776 0.04299999999999997
0 0.9333333333333332 0.632 0.0675555555555556 0.06200000000000003
0 0.7733333333333333 0.5965 0.07466666666666669 0.06700000000000003
0 0.5217777777777778 0.6579999999999999 0.144 0.07
0 0.5875555555555555 0.63 0.06933333333333337 0.07600000000000001
0 0.5991111111111111 0.586 0.1137777777777778 0.07
0 0.720888888888889 0.5785 0.062222222222222144 0.065
0 0.6657777777777778 0.5855 0.0551111111111112 0.05499999999999993
0 0.8640000000000001 0.5964999999999999 0.09955555555555563 0.043000000000000045
