0 0.7473749999999998 0.9765 0.04125000000000014 0.04700000000000003
0 0.73275 0.7615000000000001 0.027000000000000027 0.04900000000000006
0 0.10949999999999999 0.7015 0.041999999999999975 0.05099999999999994
0 0.08587499999999998 0.7294999999999999 0.03974999999999999 0.05500000000000014
0 0.14475 0.726 0.026999999999999993 0.04200000000000003
0 0.057749999999999996 0.7065 0.025499999999999988 0.056999999999999884
0 0.215625 0.9490000000000001 0.03375 0.09200000000000003
0 0.2475 0.9634999999999999 0.02849999999999998 0.07299999999999997
0 0.294 0.9085 0.040499999999999974 0.045000000000000144
0 0.29399999999999993 0.9415 0.04799999999999997 0.05700000000000003
0 0.27149999999999996 0.96 0.03300000000000001 0.08
0 0.17475000000000002 0.5785 0.04800000000000001 0.06299999999999997
0 0.16387499999999997 0.5485 0.04874999999999997 0.04699999999999996
0 0.160875 0.52 0.03825000000000001 0.03
0 0.1785 0.505 0.04050000000000002 0.04400000000000006
0 0.20099999999999998 0.4830000000000002 0.030000000000000006 0.064
0 0.21899999999999997 0.47150000000000003 0.021000000000000015 0.07100000000000001
0 0.11437499999999998 0.5605 0.03375 0.03499999999999993
0 0.10049999999999999 0.544 0.03 0.02200000000000003
0 0.10349999999999998 0.522 0.025500000000000026 0.02200000000000003
0 0.11924999999999997 0.514 0.028499999999999998 0.03600000000000001
0 0.13124999999999998 0.5035000000000001 0.0225 0.035
0 0.13724999999999998 0.46549999999999997 0.034499999999999996 0.031000000000000014
0 0.141 0.44049999999999995 0.034499999999999996 0.028999999999999984
0 0.14325 0.425 0.0225 0.03
0 0.160875 0.42650000000000005 0.020249999999999987 0.05100000000000002
0 0.185625 0.4285 0.03224999999999998 0.037000000000000026
0 0.22237499999999996 0.4045 0.03524999999999998 0.032999999999999974
0 0.646125 0.6779999999999999 0.039749999999999945 0.045999999999999944
0 0.5572499999999999 0.611 0.04500000000000007 0.04200000000000003
0 0.39974999999999994 0.533 0.032999999999999974 0.056000000000000084
0 0.26249999999999996 0.5075 0.0525 0.065
0 0.4095244538450898 0.43809364095137304 0.041999999999999954 0.0705058080261685
0 0.3675 0.41 0.028500000000000015 0.06599999999999995
0 0.340875 0.42150000000000004 0.03525000000000006 0.05899999999999998
0 0.31725 0.38799999999999996 0.034499999999999954 0.07
0 0.28912499999999997 0.4145 0.04274999999999998 0.07100000000000001
0 0.2618783427524693 0.487004291780295 0.03085741047407635 0.06019093950502445
0 0.24462834275246925 0.49100429178029503 0.03085741047407635 0.06019093950502445
0 0.2799680900868806 0.3593416268807171 0.03085741047407635 0.06019093950502445
0 0.57675 0.581 0.038999999999999986 0.06199999999999989
0 0.6146249999999999 0.5875 0.035250000000000004 0.055000000000000056
0 0.6153749999999999 0.6605000000000001 0.03375 0.041000000000000085
0 0.618 0.615 0.03599999999999987 0.04600000000000008
0 0.6705 0.511 0.03599999999999994 0.04200000000000003
0 0.5932499999999998 0.48650000000000004 0.0329999999999999 0.038999999999999986
0 0.6033749999999999 0.4395 0.029250000000000043 0.03500000000000007
0 0.6858749999999999 0.44150000000000006 0.024749999999999942 0.043000000000000045
0 0.7068749999999998 0.468 0.035249999999999906 0.038000000000000145
0 0.6026249999999999 0.408 0.03375000000000007 0.03999999999999993
0 0.5854041316769234 0.4036681084065091 0.032999999999999925 0.05174534092425453
0 0.7091249999999999 0.415 0.03674999999999983 0.041999999999999954
0 0.7102499999999998 0.3825 0.027000000000000027 0.045
0 0.6371249999999999 0.35400000000000004 0.027749999999999986 0.04600000000000001
0 0.6224999999999999 0.33899999999999997 0.0225 0.045999999999999944
0 0.604125 0.3450000000000001 0.029250000000000193 0.03399999999999999
0 0.689625 0.285 0.02924999999999997 0.053999999999999986
0 0.6363749999999999 0.249 0.033749999999999926 0.05400000000000002
0 0.665625 0.27049999999999996 0.024750000000000084 0.03899999999999995
0 0.7136249999999998 0.30700000000000005 0.032250000000000084 0.030000000000000037
0 0.7357500000000003 0.37199999999999994 0.03749999999999987 0.038000000000000096
0 0.72675 0.34 0.031500000000000056 0.03399999999999991
0 0.5474999999999997 0.26350000000000007 0.03149999999999991 0.03500000000000008
0 0.567375 0.2290000000000001 0.02625000000000028 0.03400000000000003
0 0.5579999999999999 0.1855 0.03750000000000007 0.045
0 0.5561249999999999 0.1475 0.02625000000000006 0.03499999999999998
0 0.766875 0.584 0.032250000000000084 0.03399999999999999
0 0.776839689434737 0.5201402774471984 0.03225000000000007 0.024139289098746994
0 0.791839689434737 0.5421402774471984 0.03225000000000007 0.024139289098746994
0 0.788089689434737 0.5301402774471985 0.03225000000000007 0.024139289098746994
0 0.8839955932788699 0.6201402774471984 0.024561807688266275 0.024139289098747005
0 0.8579999999999999 0.45399999999999996 0.021000000000000085 0.045999999999999944
0 0.8789999999999999 0.47 0.01950000000000017 0.03399999999999991
0 0.8958749999999999 0.47100000000000003 0.030749999999999885 0.03
0 0.9037500000000002 0.494 0.04349999999999994 0.02400000000000007
0 0.8673749999999998 0.532 0.01875000000000014 0.04
0 0.8891249999999999 0.5455000000000001 0.02625000000000017 0.029000000000000057
0 0.9392904934932266 0.575275712615594 0.034796212043432195 0.027090319666550195
0 0.846 0.6685000000000001 0.02549999999999997 0.025
0 0.8718749999999998 0.628 0.027750000000000056 0.03
0 0.905625 0.6195 0.023249999999999885 0.029000000000000057
0 0.9014999999999997 0.5905000000000004 0.03900000000000038 0.019000000000000062
0 0.3296249999999999 0.2845 0.03524999999999998 0.04299999999999997
0 0.47474999999999995 0.39799999999999996 0.03 0.04
0 0.45299999999999996 0.41400000000000003 0.024000000000000056 0.041999999999999954
0 0.47100000000000003 0.43850000000000017 0.02850000000000016 0.04300000000000015
0 0.4372499999999999 0.445 0.032999999999999974 0.03400000000000006
0 0.46274999999999994 0.47600000000000003 0.02549999999999997 0.027999999999999973
0 0.436875 0.48150000000000004 0.032250000000000015 0.028999999999999984
0 0.4653749999999999 0.507 0.02924999999999997 0.03
0 0.44099999999999995 0.5145000000000001 0.027000000000000027 0.025
0 0.465 0.5375 0.028500000000000015 0.028999999999999984
0 0.478125 0.5780000000000001 0.027749999999999986 0.03399999999999991
0 0.451875 0.5944999999999999 0.027749999999999986 0.035
0 0.45 0.63 0.030000000000000072 0.025999999999999943
0 0.4792499999999999 0.6255 0.024000000000000018 0.035
0 0.48375 0.666 0.021000000000000015 0.04
0 0.46799999999999997 0.649 0.023999999999999987 0.03200000000000003
0 0.45 0.665 0.023999999999999987 0.026000000000000086
0 0.55275 0.584 0.03599999999999994 0.03
0 0.20324999999999996 0.36249999999999993 0.029999999999999995 0.032999999999999974
0 0.204 0.331 0.026999999999999993 0.028000000000000008
0 0.17324999999999996 0.304 0.019499999999999993 0.026000000000000013
0 0.19762499999999997 0.2815 0.014250000000000007 0.03099999999999998
0 0.0705 0.0725 0.021000000000000005 0.021000000000000005
0 0.06862499999999999 0.13399999999999998 0.020249999999999987 0.02799999999999999
0 0.063375 0.1085 0.023250000000000003 0.025
0 0.09112499999999998 0.105 0.017250000000000015 0.02
0 0.09225 0.0815 0.011999999999999993 0.031000000000000007
0 0.07687499999999999 0.08800000000000001 0.017249999999999998 0.02
0 0.103125 0.22199999999999995 0.020250000000000008 0.03599999999999997
0 0.15412499999999998 0.3340000000000001 0.018749999999999982 0.021999999999999957
0 0.17737499999999998 0.324 0.01875 0.021999999999999992
0 0.2261249999999999 0.361 0.032250000000000015 0.03400000000000005
0 0.25575 0.345 0.019499999999999993 0.05
0 0.2662713730306697 0.4011131859884727 0.0225 0.03500000000000004
0 0.2415 0.3105 0.020999999999999977 0.029000000000000022
0 0.22274999999999998 0.321 0.021000000000000015 0.040000000000000036
0 0.23342829705725163 0.2868521503620669 0.017999999999999978 0.042654834312924474
0 0.29174999999999995 0.28200000000000003 0.035999999999999976 0.039999999999999966
0 0.35474999999999995 0.248 0.02549999999999997 0.04
0 0.38775 0.248 0.01799999999999997 0.04
0 0.3776249999999999 0.22999999999999995 0.015749999999999893 0.042000000000000016
0 0.36449999999999994 0.223 0.01799999999999997 0.05
0 0.345 0.2325 0.021000000000000015 0.06900000000000002
0 0.31575 0.23149999999999998 0.03300000000000004 0.05100000000000002
0 0.29512499999999997 0.249 0.036749999999999935 0.05400000000000002
0 0.064125 0.2 0.014249999999999999 0.023999999999999987
0 0.051 0.20600000000000002 0.019500000000000003 0.038000000000000006
0 0.041624999999999995 0.21200000000000002 0.018750000000000003 0.031999999999999994
0 0.0405 0.237 0.0225 0.03
0 0.8497499999999999 0.7144999999999999 0.0225 0.022999999999999972
0 0.7773749999999999 0.11600000000000002 0.012750000000000056 0.040000000000000015
0 0.25799999999999995 0.263 0.01650000000000002 0.03600000000000001
0 0.26775 0.2535 0.018000000000000044 0.04300000000000001
0 0.44137499999999996 0.254 0.03375 0.04800000000000004
0 0.44925 0.23200000000000004 0.023999999999999987 0.04800000000000001
0 0.41287499999999994 0.24450000000000002 0.02625 0.03699999999999999
0 0.41324999999999995 0.226 0.027000000000000027 0.040000000000000036
0 0.42824999999999996 0.2115 0.01799999999999997 0.03699999999999999
0 0.4361249999999999 0.18899999999999997 0.02625 0.03399999999999999
0 0.41924999999999996 0.19699999999999998 0.024000000000000056 0.027999999999999973
0 0.45449999999999996 0.184 0.02549999999999997 0.04599999999999998
0 0.470625 0.183 0.020249999999999987 0.03
0 0.4927499999999999 0.21850000000000003 0.028499999999999942 0.03699999999999999
0 0.4841249999999999 0.201 0.02924999999999997 0.021999999999999992
0 0.8377499999999999 0.4625 0.031500000000000056 0.028999999999999915
0 0.11624999999999998 0.2285 0.015 0.023000000000000007
