0 0.226 0.619 0.06533333333333335 0.04200000000000003
0 0.48800000000000004 0.588 0.08 0.04600000000000008
0 0.5006666666666667 0.618 0.04666666666666672 0.03600000000000001
0 0.4893333333333334 0.49349999999999994 0.034666666666666755 0.03300000000000004
0 0.9346666666666666 0.691 0.03200000000000003 0.03200000000000003
0 0.15866666666666665 0.6134999999999999 0.04 0.025
0 0.4893333333333334 0.3615 0.04266666666666666 0.022999999999999972
0 0.2606666666666667 0.4565000000000001 0.03600000000000005 0.018999999999999986
0 0.43200000000000005 0.3165 0.03200000000000003 0.03300000000000004
0 0.3853333333333333 0.294 0.026666666666666644 0.02400000000000002
0 0.21600000000000003 0.531 0.04266666666666669 0.02
0 0.2406666666666667 0.5175 0.03333333333333332 0.021000000000000015
0 0.3406666666666666 0.28850000000000003 0.02000000000000007 0.014999999999999965
0 0.22933333333333333 0.386 0.034666666666666686 0.02
0 0.256 0.3235 0.04266666666666666 0.025
0 0.8753333333333333 0.6725 0.02 0.011000000000000086
0 0.88 0.6630000000000001 0.02666666666666657 0.016000000000000084
0 0.9440000000000001 0.9540000000000001 0.07200000000000002 0.03399999999999991
0 0.8086666666666668 0.45449999999999996 0.017333333333333343 0.01900000000000006
0 0.48200000000000004 0.442 0.07333333333333336 0.04800000000000004
