0 0.308 0.2305 0.19999999999999996 0.13899999999999998
0 0.4813333333333333 0.2785 0.18133333333333332 0.14300000000000002
0 0.6106666666666666 0.3385 0.2346666666666666 0.125
0 0.6621959755871073 0.42466450531114847 0.2266666666666665 0.1280000000000001
0 0.6451944925268056 0.49227080067371776 0.22666666666666618 0.1115099415177333
0 0.6491597084600316 0.6578741708819432 0.14981496781411316 0.07072855050209009
0 0.7175692990079994 0.6693466191860058 0.14981496781411313 0.07072855050209002
0 0.7817191028673375 0.6287748587878198 0.10744790886612238 0.07558502970571948
0 0.762555132497466 0.6621359516117502 0.1498149678141128 0.07072855050209
0 0.771364535344256 0.6927031754082901 0.12401070783813196 0.0620000000000001
