0 0.43866666666666665 0.7875 0.04266666666666666 0.055
0 0.4286666666666667 0.7694999999999999 0.03599999999999994 0.04700000000000003
0 0.4733333333333334 0.7869999999999999 0.026666666666666713 0.052000000000000025
0 0.518 0.84 0.03866666666666667 0.04
0 0.4960000000000001 0.8215 0.045333333333333385 0.04299999999999997
0 0.5146666666666667 0.9055000000000001 0.06666666666666671 0.021000000000000085
0 0.9393333333333334 0.7034999999999999 0.0386666666666666 0.054999999999999855
0 0.9726666666666668 0.7090000000000001 0.0386666666666666 0.045999999999999944
0 0.49266666666666664 0.7975 0.03600000000000001 0.045
0 0.528 0.8085 0.026666666666666644 0.032999999999999974
0 0.5126666666666666 0.7985 0.027999999999999973 0.03699999999999989
0 0.9673333333333334 0.6884999999999999 0.025333333333333315 0.03499999999999986
0 0.8693333333333334 0.7375 0.03199999999999989 0.035
0 0.81 0.7275 0.046666666666666856 0.039000000000000055
0 0.91 0.713 0.033333333333333284 0.045999999999999944
0 0.8753333333333333 0.7105 0.030666666666666773 0.035
0 0.9246666666666666 0.5994999999999999 0.027999999999999973 0.037000000000000026
0 0.8873333333333333 0.6075 0.03333333333333343 0.025
0 0.8926666666666666 0.5834999999999999 0.02799999999999983 0.027000000000000027
0 0.7606666666666666 0.5855 0.033333333333333284 0.031000000000000014
0 0.7746666666666667 0.5670000000000001 0.03199999999999989 0.02999999999999993
0 0.7873333333333333 0.5495 0.028000000000000115 0.0429999999999999
0 0.8226666666666667 0.541 0.024000000000000056 0.04000000000000007
0 0.8079999999999999 0.545 0.01866666666666674 0.03599999999999994
0 0.8533333333333334 0.565 0.026666666666666713 0.029999999999999857
0 0.9080000000000001 0.4545 0.03200000000000003 0.03699999999999996
0 0.6273333333333333 0.8590000000000001 0.027999999999999973 0.043999999999999914
0 0.5473333333333333 0.879 0.025333333333333458 0.03200000000000003
0 0.5626666666666666 0.863 0.024000000000000056 0.04
0 0.5873333333333334 0.8615 0.028000000000000042 0.04899999999999991
0 0.6053333333333333 0.8519999999999999 0.023999999999999914 0.04200000000000003
