0 0.10266666666666666 0.5445 0.20266666666666666 0.15699999999999995
0 0.16066666666666662 0.7015000000000002 0.2093333333333333 0.17900000000000016
0 0.31866666666666665 0.07750000000000001 0.09066666666666666 0.09100000000000001
0 0.43133333333333335 0.16399999999999998 0.10799999999999997 0.05800000000000001
0 0.16837337243399664 0.1405271696072537 0.07820330112333147 0.05158359213500135
0 0.4201109953297815 0.7132773014567572 0.19217882337219463 0.14700000000000019
0 0.436 0.6605 0.20799999999999996 0.145
0 0.4640000000000001 0.804 0.13866666666666666 0.11600000000000009
0 0.5341428919665459 0.7966003454450419 0.19199999999999962 0.12820539389294733
0 0.5000000000000004 0.5195000000000003 0.20266666666666638 0.14699999999999985
0 0.4926666666666666 0.368 0.236 0.16599999999999998
0 0.612 0.22399999999999998 0.2800000000000001 0.182
0 0.6706666666666667 0.47899999999999987 0.21866666666666656 0.1340000000000002
0 0.7519410419256866 0.42267120601429964 0.22845046599454524 0.12882790205194575
0 0.6664499302320291 0.31110977277515767 0.13333333333333314 0.14672454752628752
0 0.8270416013456319 0.6918482016724262 0.16575514240451658 0.14184275139978836
0 0.6935327532315683 0.8209796967874552 0.15599999999999978 0.15752137888909187
0 0.7494579520864687 0.7395135816730927 0.14400000000000004 0.17641210672557114
0 0.8119289450111087 0.6533345267628903 0.14399999999999996 0.1651572132723551
0 0.8732765331647337 0.6230894008080269 0.15645195581572816 0.1567327350922001
