0 0.2753333333333334 0.7929999999999999 0.07600000000000001 0.054000000000000055
0 0.7539999999999998 0.9354999999999998 0.08666666666666632 0.11099999999999993
0 0.8793333333333334 0.9775 0.09466666666666669 0.045
0 0.8233333333333335 0.9484999999999999 0.08666666666666671 0.10299999999999997
0 0.524 0.6915 0.04266666666666672 0.04299999999999997
0 0.6126666666666667 0.7025 0.05733333333333327 0.065
0 0.25199999999999995 0.6769999999999999 0.1173333333333333 0.05799999999999997
0 0.342 0.629 0.0706666666666667 0.09200000000000003
0 0.26666666666666666 0.632 0.07733333333333334 0.07200000000000002
0 0.40866666666666673 0.6195 0.07333333333333336 0.08300000000000012
0 0.45400000000000007 0.6239999999999999 0.04933333333333337 0.08600000000000002
0 0.45399999999999996 0.555 0.06 0.055999999999999946
0 0.5033333333333334 0.5565 0.06 0.06299999999999997
0 0.5506666666666666 0.5195000000000001 0.04800000000000004 0.055
0 0.6026666666666667 0.6355000000000001 0.06133333333333333 0.07100000000000009
0 0.5533333333333332 0.6075 0.06133333333333333 0.05100000000000002
0 0.9293333333333333 0.612 0.04800000000000011 0.04000000000000007
0 0.20600000000000002 0.43150000000000005 0.05466666666666665 0.05100000000000002
0 0.07533333333333334 0.5589999999999999 0.06 0.043999999999999914
0 0.046 0.5285 0.04133333333333334 0.035
0 0.027999999999999997 0.5265000000000001 0.034666666666666665 0.06100000000000001
0 0.828 0.5715 0.045333333333333316 0.03899999999999992
0 0.8946666666666667 0.57 0.04799999999999997 0.053999999999999916
0 0.7866666666666666 0.5525 0.05333333333333329 0.04899999999999991
0 0.8006666666666666 0.512 0.0413333333333334 0.03800000000000004
0 0.838 0.5015 0.05466666666666668 0.05100000000000009
0 0.7786666666666665 0.4855 0.06666666666666668 0.07100000000000024
0 0.7313333333333333 0.4585 0.05466666666666683 0.045
0 0.43866666666666665 0.4225 0.03733333333333334 0.029000000000000057
0 0.18599999999999997 0.3985 0.06266666666666663 0.035
0 0.17800000000000002 0.32099999999999995 0.08133333333333333 0.072
0 0.15600000000000003 0.267 0.09866666666666667 0.08800000000000001
0 0.21733333333333335 0.3795 0.04800000000000001 0.043000000000000045
0 0.2346666666666667 0.35950000000000004 0.031999999999999994 0.035
0 0.2833333333333334 0.35700000000000004 0.04933333333333333 0.06
0 0.32066666666666666 0.365 0.04666666666666664 0.07
0 0.36 0.4035 0.056000000000000015 0.055
0 0.38733333333333336 0.4105 0.04666666666666672 0.038999999999999986
0 0.41666666666666663 0.41850000000000004 0.022666666666666658 0.04700000000000003
0 0.7213333333333334 0.342 0.04 0.056000000000000015
0 0.74 0.3865 0.05066666666666663 0.04700000000000003
0 0.7559999999999999 0.35700000000000004 0.06400000000000006 0.06
0 0.674 0.341 0.04666666666666672 0.05800000000000001
0 0.6619999999999997 0.2945 0.046666666666666544 0.046999999999999965
0 0.6306666666666666 0.2865 0.03999999999999993 0.050999999999999976
0 0.6633333333333333 0.2735 0.0040000000000000565 0.005
0 0.598 0.294 0.027999999999999973 0.041999999999999996
0 0.5720000000000001 0.29100000000000004 0.03999999999999993 0.041999999999999996
0 0.4673333333333333 0.39549999999999996 0.025333333333333315 0.030999999999999944
0 0.42800000000000005 0.3935 0.034666666666666686 0.04299999999999997
