0 0.3043333333333333 0.7875 0.21533333333333332 0.21499999999999986
0 0.7189999999999999 0.7754999999999999 0.20333333333333337 0.2510000000000001
0 0.779 0.5459999999999999 0.14333333333333328 0.14999999999999994
0 0.809 0.4925 0.11 0.131
0 0.063 0.5764999999999999 0.126 0.18099999999999994
0 0.04666666666666667 0.4164999999999999 0.09333333333333334 0.12699999999999995
0 0.15966666666666668 0.3525 0.10733333333333336 0.11099999999999997
0 0.209 0.3414999999999999 0.07 0.06899999999999999
0 0.24666666666666667 0.3289999999999999 0.06 0.07199999999999995
0 0.17266666666666666 0.49349999999999994 0.12533333333333335 0.12299999999999997
0 0.226 0.4664999999999999 0.10133333333333333 0.11099999999999995
0 0.26366666666666666 0.4229999999999999 0.09933333333333337 0.12
0 0.336 0.3559999999999999 0.10000000000000003 0.12199999999999996
0 0.4866666666666657 0.5329999999999999 0.13466666666666677 0.1580000000000003
0 0.523 0.48349999999999993 0.10466666666666669 0.13699999999999996
0 0.6046666666666667 0.38599999999999995 0.09600000000000002 0.11200000000000003
0 0.8183333333333332 0.4105 0.10199999999999988 0.09100000000000001
0 0.4756666666666666 0.27599999999999997 0.0793333333333333 0.072
0 0.548 0.22499999999999998 0.07066666666666663 0.07
0 0.35533333333333333 0.24799999999999997 0.07733333333333334 0.08599999999999998
0 0.644 0.31799999999999995 0.07600000000000001 0.08400000000000002
0 0.8263333333333333 0.349 0.09933333333333337 0.09799999999999998
0 0.6663333333333332 0.2925 0.08200000000000003 0.09500000000000003
