0 0.12783991228070174 0.5189999999999999 0.11318859649122807 0.19199999999999995
0 0.23557017543859649 0.5149999999999999 0.09767543859649123 0.18400000000000005
0 0.4487324561403509 0.507 0.11146491228070175 0.19
0 0.7679013157894738 0.5145 0.10629385964912288 0.1830000000000001
0 0.8793662280701754 0.5154999999999998 0.10859210526315792 0.19099999999999995
0 0.0034473684210526313 0.5514999999999999 0.0034473684210526313 0.0010000000000000141
0 0.7986403508771929 0.6874999999999999 0.09652631578947378 0.15099999999999994
0 0.8787916666666666 0.14249999999999996 0.11548684210526304 0.18899999999999995
0 0.6121951754385965 0.6944999999999999 0.08560964912280696 0.16300000000000003
0 0.12582894736842107 0.6964999999999999 0.10916666666666668 0.15100000000000002
0 0.7024013157894737 0.6944999999999999 0.08905701754385958 0.16300000000000003
0 0.22379166666666664 0.14699999999999996 0.1097412280701754 0.18199999999999997
0 0.11060307017543859 0.1465 0.11203947368421055 0.19899999999999998
0 0.33295833333333336 0.13899999999999998 0.10859210526315795 0.19799999999999998
0 0.4432741228070175 0.12999999999999998 0.1062938596491228 0.19599999999999998
0 0.553015350877193 0.13449999999999998 0.1062938596491228 0.195
0 0.6610328947368421 0.134 0.10629385964912288 0.196
0 0.7676140350877193 0.13249999999999998 0.10571929824561409 0.19899999999999998
0 0.2275263157894737 0.6819999999999999 0.09997368421052634 0.15999999999999992
0 0.323765350877193 0.6739999999999999 0.10054824561403507 0.14799999999999983
0 0.41942982456140354 0.6769999999999999 0.09882456140350876 0.15799999999999997
0 0.5162434210526318 0.6905000000000007 0.0925043859649127 0.17300000000000026
0 0.89602850877193 0.6914999999999999 0.09595175438596484 0.17099999999999987
